Composite.Element.REF	TCGA-OR-A5J2-01	TCGA-PA-A5YG-01	TCGA-OR-A5JV-01	TCGA-OR-A5JT-01	TCGA-OR-A5JR-01	TCGA-OR-A5JP-01	TCGA-OR-A5J6-01	TCGA-OR-A5J8-01	TCGA-OR-A5J3-01	TCGA-OR-A5J9-01	TCGA-OR-A5J7-01	TCGA-OR-A5K1-01	TCGA-OR-A5JY-01	TCGA-OR-A5JS-01	TCGA-OR-A5K6-01	TCGA-OR-A5K8-01	TCGA-OR-A5K3-01	TCGA-OR-A5JA-01	TCGA-OR-A5K0-01	TCGA-OR-A5K5-01	TCGA-OR-A5K4-01	TCGA-OR-A5JW-01	TCGA-OR-A5KU-01	TCGA-OR-A5KO-01	TCGA-OR-A5LS-01	TCGA-OR-A5LT-01	TCGA-OR-A5LG-01	TCGA-OR-A5LN-01	TCGA-OR-A5LO-01	TCGA-OR-A5LP-01	TCGA-OR-A5LK-01	TCGA-OR-A5LJ-01	TCGA-OR-A5LD-01	TCGA-OR-A5LL-01	TCGA-OR-A5LM-01	TCGA-OR-A5KZ-01	TCGA-OR-A5KY-01	TCGA-OR-A5KX-01	TCGA-OR-A5KW-01	TCGA-OR-A5LH-01	TCGA-PK-A5H8-01	TCGA-PK-A5HA-01	TCGA-OU-A5PI-01	TCGA-OR-A5JZ-01	TCGA-PK-A5H9-01
YWHAE|14-3-3_epsilon	0.0789	-0.1705	2.4209	0.5761	1.3318	0.0205	-0.3851	-1.8296	-0.8504	0.5957	-0.2727	0.4092	0.7037	0.5869	0.1644	-0.3301	0.4915	-0.906	-1.1341	-1.4488	2.5833	-1.0705	-0.6848	-0.9958	0.2458	-0.33	-0.6097	0.8775	0.7314	0.3238	-0.5605	-0.8831	0.0225	-2.0974	1.1357	-0.4341	-0.4686	-1.5244	0.5412	1.1806	-0.1172	0.533	-0.6416	1.8752	0.3155
EIF4EBP1|4E-BP1	1.5034	0.2049	0.9495	0.4453	-0.7301	0.173	0.5219	-0.1151	0.5778	-0.147	-0.4053	-1.5471	0.2911	1.0831	-0.2417	-0.6867	-0.1822	0.021	-1.5343	0.6733	0.5114	-1.9988	1.3643	1.4488	-0.3784	-0.6593	-0.3783	-0.8335	-0.584	0.2007	-0.9287	1.7083	-1.1794	-1.2217	-0.4593	3.6068	-0.1403	-0.2632	0.4101	-1.1294	0.3885	0.9769	-0.2117	-0.6422	-0.4624
EIF4EBP1|4E-BP1_pS65	-0.0271	-1.3214	-0.5184	-0.6339	-0.551	0.0908	-0.9617	-0.3763	1.2564	2.323	-0.305	-0.1714	-0.817	0.2945	0.8437	1.2714	0.8365	0.2194	0.6449	1.0736	1.6118	-0.2514	0.4207	0.651	-0.3321	0.2755	0.0199	-1.1444	0.3934	-1.5763	-1.2048	-0.502	1.981	-1.4062	0.0638	0.3328	0.3709	2.3065	0.0662	-1.9212	-0.8537	0.4258	-0.3786	-1.5838	-0.9357
EIF4EBP1|4E-BP1_pT37T46	-0.7907	-0.6029	-1.9507	0.5917	-0.5288	-0.1122	-0.9032	1.2868	2.0477	0.567	-0.0401	0.9703	-1.1397	0.4967	0.4919	0.4124	-1.6414	1.1058	0.3434	0.8209	-1.4645	0.2985	2.7667	2.0801	-1.9651	0.3024	0.1825	-0.135	-1.6876	-0.6517	0.0007	-0.0054	0.399	-0.1343	-0.8309	-0.538	0.2281	-0.3936	0.5251	-0.9633	-0.5164	0.3464	0.2208	-0.1581	0.6686
TP53BP1|53BP1	-0.1278	-1.8768	-0.5897	-1.001	0.5625	-0.551	-1.4884	-0.2406	-0.2203	1.5275	-1.3592	0.5326	-0.2219	0.876	0.797	0.3472	-0.4722	1.8104	0.7463	-0.6494	0.2855	-0.2157	-2.5158	0.2083	-0.5907	-1.0919	0.0144	0.9177	1.342	-0.7938	-0.5392	0.4967	-0.4286	0.8763	1.7753	1.8124	-0.6487	0.4397	2.0723	-0.4718	0.4418	-0.0045	-0.0153	-1.3958	-0.3718
ACACA ACACB|ACC_pS79	-1.3089	-0.8481	-0.8606	-1.6218	0.4036	0.4246	-0.214	-1.3678	0.8271	-0.4651	2.0038	1.2736	-0.3752	-0.9815	0.9291	0.4042	0.236	1.2281	-0.7817	0.8718	0.6471	0.9833	-1.4195	0.3954	-0.91	0.1824	-0.0081	0.6598	-2.0195	-0.1828	-0.6374	0.3854	-0.2729	-0.2441	1.2848	-0.4211	2.1467	-0.2939	1.6894	1.3211	-1.1849	-1.5297	-0.6466	-0.2696	0.5674
ACACA|ACC1	-0.3527	-1.9233	-0.527	-2.2536	-0.0478	0.2062	-1.0005	-1.0632	0.901	-0.5224	2.0561	0.6793	0.6221	-0.6809	0.5465	-0.178	0.1924	0.8917	-0.8246	0.9316	1.2342	-0.5185	-1.2692	-0.0464	0.1036	0.0299	-0.2922	0.3368	-1.2628	-0.6873	-0.9553	0.2101	-0.0484	0.2283	1.0253	2.2409	1.8021	0.2397	1.509	0.6729	-1.0487	-1.8894	-0.3893	0.7305	0.391
AKT1 AKT2 AKT3|Akt	-0.7271	-1.0364	-1.2508	-1.0558	0.2786	1.4438	-2.3823	-0.9145	2.1502	1.1186	-0.8381	0.5749	-1.6778	-0.0517	1.0542	0.013	-1.3726	-0.502	2.1744	-0.4268	0.1461	1.5919	-0.7778	0.6244	1.1952	0.9232	0.0494	-0.3099	-0.2117	-0.4927	-0.1424	-0.3115	1.2701	0.6838	-1.4252	-0.7627	0.2362	0.4667	1.0126	-0.0535	-0.7153	-0.7136	0.7958	-0.0661	0.4154
AKT1 AKT2 AKT3|Akt_pS473	-0.6836	-0.2179	-1.4888	-0.3268	0.8395	1.2444	-0.3311	0.6833	1.6841	-0.9162	0.2236	2.5397	-1.2905	-0.4945	0.1265	-0.1306	-0.8409	0.5812	-0.7406	2.5095	-0.7692	0.5037	-0.0185	1.0278	-1.3352	1.2188	0.6731	0.6196	-0.4711	-0.4114	0.2555	-1.2561	-0.995	-0.2472	-0.8977	-1.7166	-0.1074	-0.9169	0.8523	-0.0869	-0.7867	-0.8704	0.2785	0.8273	1.6592
AKT1 AKT2 AKT3|Akt_pT308	-0.7399	-0.3675	-1.1591	-0.2122	1.5095	1.5987	-0.4605	0.6176	1.7053	-0.8078	-0.7141	2.9055	-0.9429	0.4293	-0.0215	0.6415	-0.6483	-0.3626	-0.2936	2.3101	-0.8293	-0.1433	-0.0668	0.7639	-1.3269	0.8624	0.8641	0.6803	-0.5678	-0.9337	0.7015	-1.6007	-0.8596	0.1139	-1.1315	-1.3913	-0.4154	-0.5863	-0.2134	-0.7911	-0.291	-0.3321	0.3192	0.6327	1.5547
PRKAA1|AMPK_alpha	-1.2212	-2.4698	-0.2892	-0.7534	0.1294	0.6317	-2.2898	-0.5977	0.4664	1.805	-1.0377	0.8056	1.3511	-0.457	0.3467	0.2157	0.7514	-0.1662	-0.1146	-0.0415	1.46	1.69	-1.3314	-0.4606	-0.8884	1.1005	0.4	0.1505	-0.2128	0.0434	-1.0184	0.5428	0.6883	-0.9151	0.9659	-0.5239	-0.1149	-1.4931	0.8718	0.0526	0.1951	-0.3099	-0.9596	0.7557	2.2465
PRKAA1|AMPK_pT172	0.0962	-0.7498	0.3803	-0.155	-0.3048	0.8615	-0.5417	-0.7485	-0.7475	1.3542	-0.1085	0.4433	-0.2974	-3.1105	0.9057	0.1564	0.1721	-0.0286	0.7574	0.2937	-3.606	1.235	-0.3346	0.6614	0.0087	0.5693	-0.2185	0.2971	-0.508	0.4918	-0.1589	1.0039	-2.5656	0.9379	0.8693	-0.6094	-0.0455	0.1361	0.96	1.0816	-0.2006	0.4225	0.3872	-0.1545	0.7116
AR|AR	0.013	-0.2305	-0.5722	1.093	1.8178	-0.9332	-1.3301	0.5665	1.672	0.0472	-0.8834	-0.0568	-1.0258	0.168	-0.4692	0.6585	-0.4781	-0.6921	-0.6117	-0.5713	1.4182	-0.1276	-0.0788	2.1118	-0.2993	3.3918	-0.9471	-0.3989	-0.6737	0.2602	1.5062	0.0557	0.5021	-1.9966	-0.7546	0.2782	-0.2869	-0.6594	-0.7348	-0.2632	-0.0189	-0.4686	0.514	0.7118	-1.2233
ASNS|ASNS	2.7368	0.7704	-0.2264	-0.0951	-0.5519	0.8532	1.1873	2.6578	0.25	-1.4665	0.7834	0.3897	1.22	-1.1773	-0.0414	-0.2298	0.3245	0.3504	-1.8016	-0.8381	-1.3138	-1.4313	-0.1484	-0.1888	-0.0013	-1.0695	-0.3544	-0.6839	0.3809	0.8534	0.2011	1.2781	-1.0143	-0.9676	1.3907	0.2173	-0.158	-0.6021	0.1868	1.5131	-0.946	-0.6313	-0.3713	-0.2319	-1.0027
ATM|ATM	-0.0778	-1.2873	0.3615	-0.4533	-0.3256	-0.3777	0.0101	-0.1045	0.4177	-0.0452	-0.182	0.6411	-0.1996	-0.3778	0.5011	0.8253	-0.1196	-0.7477	0.4405	1.5457	-3.1564	-0.0893	-0.8246	0.5047	-0.5851	-2.9546	1.0372	0.3515	0.0067	-1.112	0.1606	-0.2577	1.7894	0.9537	-0.884	2.4719	0.6455	-0.0294	0.6274	-0.492	-0.2986	-0.3448	0.5234	-0.1555	1.6675
BAK1|Bak	0.6266	0.4892	0.1986	0.7288	-0.0472	-0.5653	1.2176	-2.2117	-1.5425	-0.2667	0.8113	-0.3417	0.2258	0.4642	-0.528	-0.0115	0.8389	-0.5671	-0.8882	-1.5434	2.1439	-1.1887	0.4578	-1.41	0.3542	-1.0071	0.2552	0.8547	-0.5972	1.0827	0.4902	0.4922	0.471	-1.848	-0.0427	2.6816	-0.8217	-0.0328	-0.9065	0.0799	0.4076	1.1117	-0.1571	1.2892	-1.2479
BAX|Bax	-0.6653	-0.4784	0.5445	-0.6193	0.1419	-0.2159	-0.6883	-1.5679	0.796	-0.396	-1.1801	-0.1026	-0.1253	1.4251	0.0366	0.1802	0.8489	-0.3733	0.0764	0.4082	-0.2677	-1.5018	-0.2567	-0.4603	-0.487	0.5881	-0.1657	-0.375	0.038	-0.1705	-0.8476	-0.7393	2.284	-3.0539	-0.0513	0.5484	-0.6862	0.8581	1.6747	-0.7737	2.6768	1.734	0.0089	0.9255	0.4547
BCL2|Bcl-2	0.3412	1.9762	1.4224	0.8233	0.4178	-0.6087	1.981	0.3512	-0.8903	0.2384	-0.4132	-0.1992	-0.176	-1.1545	0.2757	-0.2718	0.809	-0.6173	-0.8012	-1.9486	-0.3049	-0.8415	-1.0927	-2.2039	0.8436	-1.0136	0.2737	0.5967	-0.1224	1.5851	0.7499	-0.9707	0.2774	-1.2581	-0.2311	-0.1683	-0.8764	-0.1216	-1.1345	0.9747	-0.3509	0.2414	0.6297	0.2874	2.6758
BCL2L1|Bcl-xL	3.1193	-0.4708	-0.4329	-0.5983	0.0793	-0.7336	-2.6673	-0.8139	-1.9743	0.9545	-1.1399	0.2391	-0.3139	-0.4037	-0.1745	0.8834	0.1275	-0.04	0.1699	0.8983	1.005	1.5251	0.7986	0.14	-1.2657	-0.1272	0.0887	0.015	0.2292	0.4839	0.686	1.7913	-0.3077	-1.2296	-0.1432	-0.4598	-0.0852	-0.4082	-0.3772	-0.9718	0.8598	-1.1725	1.7848	0.2943	0.138
BECN1|Beclin	1.0862	1.512	1.0868	-0.5198	0.4428	-0.3544	1.0124	-2.0095	-0.34	1.428	-0.0993	-0.2039	-1.1685	-1.0684	-0.6561	-0.0213	0.4367	-0.6657	-1.0811	-0.8518	0.1006	-0.738	-1.0085	-0.7576	1.2915	0.1264	0.5518	0.0582	0.2876	1.3727	0.0745	-0.0391	1.89	-1.5543	0.6183	-1.2844	-0.8537	1.1606	-1.0365	3.0503	-0.2552	-0.3102	-0.1034	-0.0988	-0.508
CTNNB1|beta-Catenin	-0.4246	-1.2688	-1.468	-1.8914	-1.4237	0.3185	-0.9302	-0.7258	0.9492	1.1809	-0.3254	0.0264	1.4844	-1.1204	-0.7734	0.9437	-0.6375	0.3332	2.2931	1.0851	-0.8827	1.085	0.3689	1.5511	0.2759	0.2275	1.1455	-0.299	0.1896	-0.6334	-0.526	1.3852	0.4816	1.1262	0.055	-0.3582	0.5374	0.219	0.7453	-1.625	-0.9259	-1.7846	0.7746	-1.0499	0.2913
BID|Bid	0.9556	-2.0074	-0.8408	1.4272	-1.0556	0.3491	-1.6333	0.5099	-0.9301	0.7753	-0.8916	-0.7189	0.4008	-0.472	0.9027	-0.8411	-1.0442	-0.6736	-0.2715	1.0419	0.2196	-0.8686	2.2103	-0.4978	0.3326	-0.3364	-1.1131	-0.1075	0.5228	-1.2354	0.369	0.8645	2.033	-0.2199	-0.0881	2.2436	-0.9589	1.7377	-0.6573	0.0018	-0.6405	1.1762	0.2644	0.1863	-0.4203
BCL2L11|Bim	2.4599	-0.0231	3.1198	-0.8756	-0.0598	-1.2316	0.7698	-0.0779	-0.8372	0.3123	-0.1317	-1.309	-1.0654	0.3729	0.5808	-0.3712	1.045	0.455	-1.2663	-0.8223	-1.1755	-0.1305	1.5163	-1.0605	-0.5559	0.1611	0.4754	0.0637	-0.1438	0.2211	1.3798	1.4919	-0.3639	1.5074	-0.3702	-1.2835	-0.7697	0.3729	0.6204	0.2252	-0.8299	0.1841	-0.2377	-1.2279	-1.1146
JUN|c-Jun_pS73	-0.4048	0.431	-0.0611	-0.0254	-0.3081	0.1814	0.941	2.5111	0.4613	0.2361	0.2718	0.3592	-0.7167	-2.1573	-0.2547	0.9661	-0.1159	1.5721	-0.2245	-0.1895	-1.4732	0.038	0.7399	2.5893	-0.9204	0.6045	-0.3238	-0.7882	-1.0198	0.5879	-0.157	-0.5881	-0.1988	-1.9115	-0.7734	-0.8087	-0.5331	-1.0199	0.4516	-0.3175	-0.3424	1.6436	-0.6375	2.2175	-0.532
KIT|c-Kit	-0.2277	0.0422	0.6174	-0.5903	-0.8507	-0.8178	-0.162	-1.0757	1.4691	-0.1571	0.5104	-0.9732	0.1789	-0.8131	-0.6124	-0.6078	0.5126	-0.3199	2.0466	-0.2091	-0.5301	-0.4129	-0.0788	0.5225	1.7039	-0.8384	0.539	-0.7554	-0.4699	-0.5875	-0.0875	-0.7652	-0.7092	-0.3006	2.0174	4.2511	-0.4614	0.1123	1.2142	-0.2426	-0.8392	-0.5118	0.135	-0.377	-0.4883
MET|c-Met_pY1235	0.9108	-0.4027	-0.0924	1.2549	-0.0516	-0.9318	-1.9354	-1.9388	-1.1453	0.7561	-1.0229	-0.6303	-0.472	1.2231	0.9297	0.1252	0.0342	-1.3751	0.0892	-0.1371	2.7029	-0.28	0.0261	-0.4719	0.4616	-0.2381	-0.8473	0.1888	0.6916	1.2156	0.17	0.7839	1.0692	-1.6302	-0.2937	2.3394	-0.3266	0.6119	-0.0382	0.8286	-0.0762	0.3889	-0.4451	0.0037	-2.0226
MYC|c-Myc	0.6999	1.7087	1.663	1.1289	-0.0619	-0.0384	1.3662	0.0351	-1.0817	0.7498	0.4606	0.6039	-0.0176	-0.4093	-0.1428	-0.2442	1.5976	-1.7104	0.3022	-1.3998	0.8143	-1.2829	-0.3172	-1.8438	-0.0983	-0.9186	0.176	-0.2382	-0.1381	2.3875	-0.0058	0.2362	2.187	-1.7736	-0.8084	-0.327	-0.9761	-0.855	-0.5735	-0.2174	-0.0967	0.1914	-1.3913	0.0871	0.5724
RAF1|C-Raf	1.2835	-1.8591	-0.3708	0.276	-0.6144	-0.5943	-2.0777	0.4622	0.1193	0.1767	-0.4824	-1.9044	-0.1553	0.5811	1.1515	-1.6111	-0.8025	-0.3909	1.9149	1.1179	0.661	-0.217	-0.0142	1.2465	0.598	0.2324	-0.8383	-0.5916	1.3026	-0.5602	0.7172	0.1294	-1.6158	-0.5789	1.0037	2.9084	0.3627	-0.0228	0.1215	-0.8284	-0.5542	0.8967	-0.1239	-0.2281	-0.2273
RAF1|C-Raf_pS338	1.3007	-0.2297	0.3809	2.6219	-0.3979	-0.6338	-0.3606	3.0182	-1.0149	0.9751	-0.8879	-0.6144	0.7028	-0.0674	0.4719	-0.3377	-0.3038	-0.3803	-0.3298	0.4392	0.2972	-0.7662	2.1428	-0.7828	0.0616	-1.4092	-0.0849	0.6391	0.6585	0.6465	0.1939	-0.3562	0.3618	-2.3619	-0.1611	0.0551	-1.7236	-0.2039	-0.2234	0.8163	-0.8849	0.7124	-0.538	-0.2065	-1.2351
CASP7|Caspase-7_cleavedD198	0.8197	0.2853	-0.0731	1.3835	-0.4262	-0.4212	0.9676	1.1163	-0.984	0.3958	-0.319	-0.8033	1.7509	-0.6407	-0.4922	-0.4413	-0.644	-1.1201	-1.1583	-0.0302	-0.8938	-1.5698	1.6085	-1.774	0.0145	-0.8781	-0.3816	0.6143	-0.061	0.3314	0.4679	2.0885	1.8367	-1.8361	-0.1336	2.0417	-1.4261	1.206	-0.8595	0.3443	-0.5626	0.2202	-0.0942	0.5903	-0.0596
CAV1|Caveolin-1	1.5306	-0.6867	-1.1002	0.3966	-0.7718	-0.1128	0.3101	0.398	-1.0457	1.3162	0.8766	-1.2371	-0.0936	-0.9517	1.0031	-0.5046	-0.6837	0.081	-2.1436	-0.0643	0.8843	1.2546	-0.0693	-0.1776	1.0278	-2.1785	0.1263	0.6656	0.1974	-0.1929	0.5826	1.0785	-0.1602	-0.4677	-1.6199	-1.0832	-0.2954	1.2075	0.1422	-1.4945	0.403	1.1672	2.4653	-0.9659	0.9866
PECAM1|CD31	0.978	2.3422	1.3761	0.192	0.6203	-0.0063	2.4564	-2.2457	-0.7626	0.4041	-0.2749	0.5373	0.1876	-0.7438	-0.2529	0.1895	1.0277	-0.5934	-1.2866	-1.087	-0.0799	-0.6731	-1.0655	-1.5498	0.7083	-0.9746	0.7135	0.4421	0.2753	1.7891	0.3191	-0.9944	-0.2546	-1.5484	-0.2455	-1.5588	-0.8561	-0.1805	-0.6785	1.0971	0.2227	0.7279	0.2164	0.5304	0.5596
ITGA2|CD49b	0.3836	0.7009	0.2464	0.2371	-0.1118	-0.9334	0.0762	-2.5129	0.0395	-0.7093	0.0125	-0.5816	2.3146	1.3529	1.5333	-0.6382	-0.6109	-0.5088	-0.4939	-0.4084	-0.3943	1.1142	0.1992	-1.2344	0.7005	-0.6155	0.3578	-0.2856	-0.1681	0.1452	-0.2826	2.6029	-0.5663	2.4743	-0.1488	-0.2629	-0.2433	-1.4065	-1.3771	0.2328	-0.1652	-0.8009	1.2297	0.602	-1.0949
CDK1|CDK1	0.7152	2.0889	1.8486	0.5169	-0.0289	0.3166	3.1037	-0.9873	-0.8932	-0.2315	0.4838	-0.1152	0.0447	-1.4874	-0.6311	0.1067	0.5077	-0.3819	-0.7853	-1.5685	-0.3985	-1.34	-0.8029	0.5432	0.4148	-1.2982	0.7678	-0.3999	-0.1287	1.9226	-0.3501	0.3203	1.6673	-1.7764	-0.6741	-0.0263	-0.3321	-0.3661	-0.7629	0.7216	-0.1322	0.0679	-1.0042	0.2249	0.5199
CHEK1|Chk1	0.0239	1.7578	0.7506	-0.18	0.2087	0.2481	2.1365	0.2359	-1.4479	-0.3043	0.0787	0.1319	0.2132	-0.6901	-1.4695	-0.0828	0.5162	-0.2458	-1.5975	-0.0331	0.4169	-1.006	-1.9433	0.3327	0.0299	-0.5338	0.5776	-0.5576	-0.164	1.5935	-0.3074	0.0471	1.9102	-1.9474	-0.1846	3.1693	-0.3301	0.2544	-0.8	0.5381	0.0784	0.0871	-1.0799	0.1346	-0.5657
CHEK1|Chk1_pS345	-1.5828	0.4492	1.0541	1.7302	0.986	-0.076	0.9855	-2.4439	-0.5965	-0.3028	-0.3475	1.3814	-0.9699	-1.8726	-0.6379	1.28	1.279	0.6646	-1.2197	-0.5641	-0.3908	1.2826	-0.491	0.2388	-1.0861	0.9241	0.6696	-0.0517	-1.4305	0.5805	0.3082	1.0772	-1.0213	-1.4368	1.0871	0.5483	0.1483	-0.7012	-0.173	0.6111	0.788	1.2771	-0.9117	-0.3472	-0.696
CHEK2|Chk2	-0.8054	1.3002	0.912	1.812	-0.0354	0.2244	-0.2645	-0.7988	0.1669	-1.2816	-0.7487	1.2352	-1.1578	-0.2244	0.18	-0.1097	0.1949	0.9421	-0.3882	0.2568	-0.2472	-1.3208	-1.5685	0.4453	-0.8408	-0.5677	0.043	-0.9476	0.1006	0.0732	-0.2074	1.2426	0.4585	-2.3381	-0.8318	3.1458	1.3782	0.8592	0.0412	1.0862	-0.1229	-0.2824	-1.0072	1.0631	-1.0645
CHEK2|Chk2_pT68	0.6315	1.4191	0.5782	0.8538	-0.0986	-0.4763	2.1576	0.8492	-0.3625	0.0807	-0.6263	-0.225	-0.1373	-0.941	-1.0788	-0.519	0.18	-0.3047	-0.895	-1.2641	-0.4495	-1.0955	0.3372	-1.088	0.6983	-0.5194	-0.2124	-0.1083	0.2182	1.1308	0.3652	1.9945	0.2228	-3.4129	0.0431	2.2489	-0.7172	0.6188	-1.2552	1.113	-0.384	0.8591	-0.2125	0.1091	-0.3257
BIRC2 |cIAP	0.0547	-0.2275	1.2568	1.3106	1.7126	-0.2534	-0.9051	-1.8443	-1.0867	-0.363	-0.4497	0.816	-1.7143	-1.7253	-0.9926	0.4743	1.4251	-0.2576	-0.1617	-0.8882	1.8203	-0.6283	-1.3648	-0.3719	0.7248	0.0939	-0.625	0.2533	-0.1008	2.5657	0.8878	-0.1326	0.123	-1.1307	0.4811	-0.628	-0.1117	-1.2019	-0.761	0.4386	1.0053	1.376	0.1034	1.0254	-0.0228
CLDN7|Claudin-7	-0.1017	1.533	0.7451	0.1713	0.4359	0.0424	2.1916	-2.9124	-0.7543	0.7928	0.1728	-0.4631	-0.1451	-0.2826	0.4148	0.9695	-0.1172	0.1152	-1.5865	0.6439	1.3929	-0.2726	-0.9097	0.9932	0.2318	-0.8993	0.2489	-0.2542	-0.5049	1.7552	0.1882	-0.1263	0.7961	-1.5984	-1.0997	-1.8957	-0.415	-0.001	0.4881	1.4602	0.1645	1.0155	-1.6294	-0.5949	-0.3988
COL6A1|Collagen_VI	0.468	-1.9479	1.3966	3.5245	-0.0155	-1.7281	-1.1031	1.1119	0.2415	-0.4165	0.05	-1.4958	1.6043	0.8934	0.3066	-0.6363	0.6684	-0.3974	-1.1798	0.3444	0.488	-1.2934	0.8194	0.1575	0.65	-1.3843	-0.0499	-0.913	-0.3501	-1.2302	0.153	-0.3566	0.4773	0.4105	0.8919	-0.3121	-0.2733	-0.2261	0.1766	0.1543	-0.0931	-0.2768	1.1768	0.7791	-1.265
CCNB1|Cyclin_B1	0.1878	-0.225	-0.5122	-1.146	-0.4783	0.5212	0.0363	0.43	-0.6113	-0.8495	0.4274	-0.4656	0.4201	0.6189	-0.8923	0.039	-0.188	1.3073	0.0444	0.2808	0.1336	-1.1165	-1.4587	3.6077	-0.1488	0.0606	-0.0565	-0.8973	0.4245	-0.1905	-0.7203	2.0064	1.7475	-1.532	0.3752	2.5045	0.7717	-1.0388	0.0032	-0.5504	-0.3373	-0.2698	-0.3238	-0.9054	-1.034
CCND1|Cyclin_D1	0.5211	-0.4665	-1.1117	0.938	0.164	-0.386	-0.4914	0.5574	-0.8007	-0.5548	0.0516	-0.0096	3.6966	1.2341	0.2072	-0.5344	-0.987	-1.1229	0.5199	0.3221	-0.3384	-1.2316	1.2585	-0.2924	-0.4074	-0.0369	-0.272	0.3648	-0.0754	-0.1849	1.3473	0.8081	-0.07	-0.5414	-0.9307	-0.0252	-0.8216	1.0436	-0.708	0.3149	0.0443	0.2439	-3.051	-0.0577	1.8718
CCNE1|Cyclin_E1	-0.8004	-1.5591	0.4084	-1.5906	-0.9474	0.598	-0.853	-1.7221	-0.4396	0.8984	0.4211	0.0737	-0.3708	1.1915	-0.6708	0.4475	0.6928	1.4584	0.0136	0.4977	1.9836	-0.6294	-0.2768	0.8108	-0.0717	-0.1647	-0.6274	-1.5289	1.7323	-1.148	-1.2192	0.3226	1.282	-1.6544	0.9068	0.5659	0.9316	1.1545	-0.3973	-0.8295	1.9494	-1.0151	-0.4749	0.8066	-0.1558
PARK7|DJ-1	-0.8728	-0.3775	-0.8652	-0.3474	-0.8137	0.0221	0.7502	-2.3348	0.6412	-1.0757	-0.1042	0.5261	-1.3189	1.514	-0.0287	-0.3639	0.511	0.1988	1.4113	-0.9521	2.4615	-0.0944	-1.2726	-0.2595	0.1762	-0.8606	0.6292	-0.0102	0.1833	1.1408	-0.7002	-0.034	0.404	2.9967	0.8359	-0.8176	1.2171	-1.591	0.3544	0.1339	0.2571	-1.2942	-0.3298	0.2102	0.1439
DVL3|Dvl3	0.3463	-0.1509	-0.226	-1.4459	-1.1102	1.328	-0.4325	-0.1002	-0.2372	1.1686	0.6087	-1.6952	0.7931	-1.8669	-0.601	-0.2904	-0.3731	0.0948	0.2937	1.3181	-1.7701	-0.45	-0.5158	1.3489	0.995	-0.8981	0.5001	-0.6678	1.4174	0.4908	-0.3099	1.9211	2.6122	-1.3866	0.6416	0.2011	0.8559	0.6427	-0.3815	-0.4834	-0.1941	-0.3604	0.6439	-1.6276	-0.6474
CDH1|E-Cadherin	0.2353	2.2954	0.3274	-0.235	0.542	0.5481	2.356	-1.7489	-0.6534	-0.5416	-0.1203	0.7081	-0.4905	-1.214	-0.846	0.4874	0.7875	-0.4006	-0.9571	-1.1806	-0.32	-0.3351	-1.0873	-1.209	0.2276	-0.27	0.9998	0.3363	0.1364	1.8382	0.3597	-0.7004	-0.3099	-0.8752	-0.3485	-1.0374	-0.5122	0.1875	-1.032	0.7125	0.2361	0.8996	-0.8224	-0.0918	3.1181
EEF2|eEF2	-0.432	-1.2634	-0.7457	-1.8701	-0.7424	1.6583	-1.6344	-1.4076	0.285	0.4791	-0.0402	-0.5499	-0.6039	1.1391	-0.1643	0.7469	0.3088	0.4024	-0.2246	2.4042	0.7524	-0.4409	-0.9262	0.526	-0.1726	0.1442	0.1768	-0.7092	0.7389	-0.2135	-0.8904	1.0096	0.8633	-0.7457	0.6786	2.3003	0.5497	-1.4099	1.4899	-0.2209	1.6778	-0.1989	-1.3148	-1.0109	-0.3991
EEF2K|eEF2K	-1.333	-0.3214	-0.9983	-1.0906	0.635	-1.0869	-0.9193	-1.4016	2.4532	-0.1746	0.4635	0.5011	-1.5465	-0.467	0.1379	1.3917	0.168	0.2349	0.0919	-0.5786	0.6808	0.8382	-0.8959	1.7341	0.7132	0.1176	0.4258	-0.2497	1.8488	0.1379	-0.8779	-0.3394	-0.1481	-0.9464	1.6762	0.1231	0.6954	0.1243	2.1407	-1.0603	-0.7886	-1.019	0.958	-1.4385	-0.6097
EGFR|EGFR	-0.8147	0.112	-0.8481	-0.3994	-0.4312	-1.2241	-0.1159	-0.6712	1.1394	-0.8421	0.7306	-0.7504	0.124	-0.0666	-0.7182	1.1345	-0.937	2.1381	-1.8063	-0.1729	-0.8014	2.208	-0.1933	0.3957	0.9389	-0.5734	0.2683	-0.4794	1.0449	0.3402	-0.3874	-0.255	-0.9486	2.6429	0.3549	0.876	-0.0114	-0.247	2.1245	-0.4136	0.9698	-0.7182	-0.1025	-0.77	-1.8432
EGFR|EGFR_pY1068	-0.5208	1.7708	-0.266	-0.3285	-0.0324	0.4347	2.3871	-0.5614	-0.1797	-0.9393	0.1046	-0.2074	-0.2025	-1.2647	-1.1367	0.4902	0.0908	2.7282	-1.8052	-0.3208	-1.101	0.4668	-0.6081	-0.1273	0.1594	-0.1044	0.667	-0.4917	0.5762	1.3272	-0.2126	-0.3422	-0.754	0.7599	-0.2916	-1.0324	0.0462	0.0831	2.2704	0.6713	-0.0487	0.1583	-2.6822	-0.1766	0.546
EGFR|EGFR_pY1173	0.1193	-0.2282	0.4057	1.2697	0.0289	-0.1628	-0.0273	-0.8578	-0.5711	0.4003	-0.1035	-0.0719	-0.3525	0.3413	0.7321	-0.0135	-0.1453	0.0748	-0.4216	-0.3831	1.2652	-0.4876	1.4328	-0.3818	0.1528	0.0656	-0.3943	0.0001	0.4808	0.536	0.4799	0.5658	-0.2297	0.1448	0.1159	0.8783	-0.7926	0.1291	0.5375	1.0144	0.2469	0.7554	-5.5676	0.0296	-1.0107
EIF4E|eIF4E	0.2615	-1.4082	0.9466	0.5243	0.7237	-0.5012	-0.5795	0.2817	0.542	1.3803	-0.1149	-1.2006	-0.6849	-0.5475	0.6139	-0.5996	-0.8602	0.7505	-1.6938	-0.1708	2.0888	0.0324	0.5136	1.0938	0.4948	0.9206	-0.8906	-0.5464	0.8917	-0.5255	-0.0517	-0.5945	-4.1536	0.2743	1.375	0.3199	0.0045	-0.6794	1.1649	0.6783	-0.3598	-0.0654	0.0756	0.2248	0.0508
ESR1|ER-alpha	0.6115	2.2242	0.2311	0.0767	0.414	0.585	2.6861	-0.7663	-1.6513	-0.6149	-0.4906	0.1948	-0.4209	-1.2086	-0.507	0.0807	0.327	-0.8152	-1.3302	-1.1516	-1.0565	-0.1048	-0.1006	-1.9553	0.3213	-0.3786	1.0529	0.4543	0.1827	1.6276	1.4499	-0.8215	0.6288	-0.7652	-0.5013	0.0549	-1.2762	1.4499	-1.4307	0.8663	-0.0476	1.1079	0.1922	-0.4106	0.9854
ESR1|ER-alpha_pS118	0.3218	1.178	1.2145	-0.2185	0.4482	-0.4914	1.4741	-2.082	-0.173	0.517	-1.4225	0.296	-0.0955	1.2127	0.1299	0.9416	-0.039	-0.9981	-0.9975	-1.1292	1.5679	-0.4759	-1.1325	-2.1755	0.0355	0.8226	0.3617	0.276	0.2971	1.4883	0.0943	-0.538	0.6331	-2.6341	0.5984	0.8746	-0.8644	1.0732	-0.3508	1.1194	0.5708	0.528	-0.2782	-0.5346	-1.4439
MAPK1|ERK2	1.1977	-1.2382	-0.5956	-0.6881	-1.2653	-0.1444	-0.8708	0.0587	-0.3901	-0.2754	-0.7032	-0.8959	1.7909	2.3559	1.8733	-0.5278	-0.6716	-0.1406	1.4237	0.5841	0.5082	-0.626	-1.0939	0.0584	-0.7215	-0.4975	0.4352	-0.6406	0.3742	-0.892	-0.7575	1.1095	1.1513	2.1795	-0.8971	0.8235	1.4144	-0.5773	1.089	-0.1396	-1.3297	-0.9729	0.6593	-1.2812	-0.2533
FN1|Fibronectin	1.1847	-1.5489	-0.9324	0.2528	-2.1494	-0.1464	-1.2307	2.0126	-0.2429	0.1943	-0.2273	-0.5136	0.6261	0.1505	-0.0471	-0.2437	0.315	1.6467	-0.7005	0.8332	-0.9159	-0.737	1.2515	0.3287	0.3296	-1.2374	-1.0894	-1.9278	0.6305	-0.0846	-0.4586	0.469	0.8738	0.0508	-1.1138	1.1079	0.7821	2.292	0.3645	-1.6935	-0.4179	-0.1529	1.2034	0.9934	-0.0816
FOXO3|FOXO3a	0.6894	2.385	0.8598	0.999	0.6043	0.1771	2.8239	-0.2556	-1.1238	-0.3524	-0.5233	0.2546	-0.1572	-1.2535	-0.6861	0.3039	1.0983	-0.8583	-0.9995	-1.9027	-0.5611	-0.5847	-0.632	-1.7727	0.5802	-0.2186	1.3181	0.6302	-0.2413	1.9539	0.4533	-1.1797	-0.1789	-0.7585	-0.3731	0.0961	-0.5945	-0.1115	-1.6174	1.0206	-0.3651	0.8284	-0.4403	0.4066	0.2591
GAB2|GAB2	1.032	-0.909	0.6583	-0.485	-0.7176	-0.1033	-0.2365	1.4854	-1.0559	1.2792	2.4305	-1.0399	0.0496	0.3439	-0.6015	-1.1991	-0.5778	-0.5601	0.6423	0.9992	-1.1475	-0.2477	0.8959	0.5938	0.2547	0.1637	-0.4478	-0.3556	1.6668	-0.0956	-0.116	0.9647	-0.7108	-1.9786	-0.4848	-1.2255	0.5532	1.6791	-0.613	-0.8829	-1.1117	1.0695	0.8833	-2.0107	1.2688
GATA3|GATA3	1.7833	1.6339	-0.2165	-0.2901	-0.3299	1.8864	1.7562	-1.598	-1.0028	1.9792	1.7786	0.6611	-0.6682	-0.4553	-0.79	0.5969	0.6293	-0.8484	-1.1292	0.5298	-0.6225	-0.7718	-1.0974	-1.2988	-0.2221	-0.6843	1.1302	0.6227	-0.6522	1.4419	-0.3956	0.9143	1.2035	-1.1084	-0.7955	-0.9958	-0.7271	0.6414	-0.7116	-0.2705	-0.5896	-0.4284	-0.6197	-0.4759	0.6069
GSK3A GSK3B|GSK3-alpha-beta	0.0929	-2.2226	0.4272	-1.4782	-0.4628	0.3126	-2.444	-0.8196	0.7087	1.9084	0.5361	-1.0511	-0.9263	0.6852	0.5114	0.0562	0.3255	0.5421	-0.5199	1.7227	1.0647	-0.9019	-0.5893	1.6548	-0.0847	0.8923	0.3342	-0.5799	-0.4988	-0.6211	-1.1991	1.2213	1.7009	-0.3913	0.1799	1.477	1.1915	-0.5065	-0.5463	-1.1564	0.5885	0.3172	-0.0036	-0.876	-0.572
GSK3A GSK3B|GSK3-alpha-beta_pS21_S9	-1.5638	-0.4943	-1.2581	-0.4866	0.6657	0.7712	-0.3035	-0.4973	1.4166	-0.1759	0.8826	0.9523	-1.0828	-0.3062	0.6162	0.7458	-0.2399	1.2313	-0.3527	0.8113	-0.8816	0.9305	-0.5967	1.7351	-1.0644	1.6117	1.7518	0.2646	-1.0002	-0.9405	-0.0581	-1.6128	-1.9627	1.3067	0.1631	-2.2703	1.1811	-0.8197	0.2275	-0.6876	0.0247	0.5888	0.1394	-0.2109	0.8486
ERBB2|HER2	0.5346	0.248	-0.8592	-0.087	-0.3133	-0.9764	0.3736	1.7879	-0.5371	0.3158	-2.1948	-0.5642	-0.6948	-0.916	0.0723	-0.3408	0.3266	0.3023	0.2748	-1.768	-0.3965	-1.0717	1.3759	-0.6221	0.5016	-0.5622	0.6551	-0.8932	-0.61	0.8941	-0.4744	-0.6215	0.7371	0.2667	0.0167	-1.6694	-0.1046	-0.076	-0.104	0.8598	0.3107	-0.0392	2.6974	0.8185	3.1269
ERBB2|HER2_pY1248	-0.4709	2.084	0.8859	0.0638	0.0373	-0.0602	3.2709	0.1482	-0.4877	-1.0261	-0.2998	-0.5304	0.0982	-1.6688	-1.0327	0.1571	0.1374	2.2038	-1.4622	-0.7615	-0.574	-0.5433	0.3074	-0.9999	0.2576	-0.7271	0.6309	-0.8059	0.085	1.6374	-0.291	-0.6164	-0.8282	-0.0664	-0.7528	-1.0676	-0.3691	-0.483	1.4315	0.9904	-0.6228	0.2694	-0.3765	0.6765	1.5518
ERBB3|HER3	-0.6224	0.0923	-0.2282	-0.6235	-0.6274	-0.6922	0.8118	0.3826	0.0774	-0.273	0.2294	-0.6349	1.475	-1.0863	-0.7402	-0.4259	1.793	-0.4102	-0.3491	-0.3567	-0.3391	-0.7301	-0.1065	-0.9012	2.4844	-1.0696	-0.2021	-0.1962	0.1138	-0.2018	-0.3508	-0.5105	-0.2858	-1.038	1.3697	0.4541	-0.9684	-0.2347	-0.7879	1.9324	-0.091	-0.4256	-0.3795	0.7414	3.9313
ERBB3|HER3_pY1298	-0.2725	-0.2727	-0.2665	0.9038	0.1568	-1.7706	0.1887	-1.3655	-0.8668	-1.3714	-0.4096	0.0566	0.144	0.9224	-0.595	-1.208	-0.3354	0.2731	0.2331	0.4228	1.5322	-0.1418	0.7103	2.6169	-0.6411	-0.534	-0.029	-0.1413	-1.7627	1.7202	0.2204	0.3461	-0.4075	-1.2971	-1.0407	0.0668	-1.2208	-0.2033	1.5577	0.7992	1.2098	0.9649	-0.6593	-0.5999	2.3668
HSPA1A|HSP70	0.7642	-0.6491	0.0205	0.7382	-0.735	-0.2941	0.2117	2.4026	-1.5972	-0.3248	-1.3831	-0.1773	2.2489	-0.6857	-0.2919	-1.1092	-0.1844	-1.0404	1.1434	-0.6521	-0.7619	-1.3877	0.508	-1.1821	1.3351	0.7107	-0.6171	0.2421	1.186	-0.4529	1.9425	-0.734	0.6572	-1.1516	-0.444	0.77	-1.7003	1.4266	0.0424	0.9241	-0.7717	0.9602	-0.0905	-0.0245	0.2082
IGFBP2|IGFBP2	-0.4847	-0.2049	-0.2711	-0.24	-0.6328	2.8353	0.9529	0.7281	-0.6832	-0.7174	0.1828	-0.4968	0.3314	-1.0427	-0.6441	-0.475	-0.3045	0.458	0.6683	-0.0897	0.7141	-0.7867	2.9741	-0.0868	-0.401	-1.1868	0.3763	-0.8122	0.0902	-0.27	-0.2301	-0.2824	0.2377	-0.1449	-0.5663	0.987	-0.9132	3.6569	-0.2941	0.1349	-0.5277	-0.0238	-1.0396	-0.4552	-1.0203
INPP4B|INPP4B	2.5987	1.8762	2.7689	0.7465	0.1552	0.0987	1.812	-1.4713	-0.7558	0.4693	-0.5181	-0.1305	-0.2306	-0.6651	-0.3262	-0.4949	0.3625	-0.68	0.4465	-0.7063	2.0095	-1.2304	0.2636	-1.2684	-0.0472	-1.0321	0.1902	-0.237	0.2064	1.6442	0.0051	-0.3843	-0.5341	-1.5108	-0.2863	-1.1691	-0.8962	-0.373	-0.9431	0.3096	-0.6427	0.1498	0.2502	-0.095	0.2655
IRS1|IRS1	0.2495	0.0948	0.0011	0.1319	-0.3015	-1.7098	-0.8407	-0.2384	1.1574	-0.1541	1.6321	-1.1404	-0.4459	2.2544	0.5786	-0.7786	0.8152	-1.8056	-1.3054	-1.1656	-0.34	0.6917	-0.0178	1.164	0.187	0.0788	0.6114	-0.4359	0.2857	0.7101	-0.4854	2.1067	-0.2403	3.0588	-0.1743	0.213	-0.4179	-1.3148	-1.3054	-0.1265	0.4388	-0.3427	0.13	-1.0775	-0.4263
MAPK8|JNK_pT183_Y185	0.0534	1.7821	0.5515	1.1873	-0.7999	-1.1536	1.8892	0.5076	-1.3095	-0.1926	-0.1027	0.3036	-0.5769	-1.7329	-0.7546	-0.2883	0.0328	0.0086	0.3708	-0.7984	-1.055	1.4388	-0.2695	0.6917	-0.2693	0.7357	-0.2641	0.1748	-0.2602	0.9242	0.275	-1.6129	-0.4678	-2.8008	0.2009	0.238	-0.9211	-0.0309	-0.7144	0.1847	-0.3437	0.611	0.3596	2.6724	1.5254
MAPK9|JNK2	-0.3892	-0.7863	0.2872	-0.315	0.1974	-0.2251	-0.9745	-2.9921	-0.142	-0.766	-0.0963	0.1225	0.2781	-0.0483	-0.4513	0.6994	0.9422	-0.5015	-0.6301	-0.2678	0.1251	3.1935	-0.3729	0.9793	0.528	1.0494	-0.3844	-0.6108	0.7364	0.1829	0.4748	0.6581	-2.2246	0.4326	0.945	-1.386	-0.1977	-1.9632	0.475	1.1436	1.5253	-0.2691	0.2597	0.8621	-0.1031
XRCC5|Ku80	0.5513	-0.3614	-0.8292	-1.6396	-1.4763	0.166	0.4075	-2.0398	-0.1328	0.8799	-0.4341	0.2271	0.32	-0.2308	1.2484	0.2263	-0.8911	0.2069	0.0476	1.4444	-0.8744	-0.3111	-1.7629	-1.0143	-0.3966	-0.7159	0.6763	-0.6656	0.7837	-0.0013	-0.044	2.4486	1.8353	0.7814	-0.8891	2.8517	0.4016	0.1048	0.1049	0.0732	0.5273	-0.2765	0.1392	-1.5123	0.046
LCK|Lck	0.4406	0.6534	1.5801	2.0896	0.8618	0.1198	0.243	1.9399	-1.5913	-0.8708	-1.6442	-0.1637	0.3054	0.5381	0.2912	-1.1018	-0.7907	-1.0505	-0.8758	-0.9706	-0.1698	-1.2954	0.3902	-0.8535	0.409	-0.9724	-0.1844	1.3741	-1.2049	0.4607	1.6701	0.1694	0.1732	-0.2724	0.2818	-0.3396	-1.884	1.2126	-1.5461	0.9916	-0.1353	0.0544	0.8124	1.4157	-0.5606
STK11|LKB1	-0.0983	-2.3039	1.6341	0.7084	-1.4026	-0.3925	-2.2532	0.649	-1.1757	1.401	-0.8868	-0.7874	-0.2459	0.1013	0.2348	-0.3038	0.8642	-0.9075	0.186	-1.2196	1.5198	-0.7874	1.4365	-0.7874	1.7366	0.5514	-0.5753	-0.3999	0.8651	-0.2202	-0.0099	-0.8832	1.2002	0.5697	0.839	1.8519	-0.5056	0.8122	-0.6825	0.3598	0.0494	0.1749	-0.0336	0.5574	-1.4403
MAPK1 MAPK3|MAPK_pT202_Y204	0.0685	0.6145	-0.2604	0.6518	-0.4556	-0.4558	1.3763	4.7123	0.0895	-0.4708	0.3298	-0.2388	0.8293	-0.8454	-0.6999	-0.395	0.051	1.0341	-1.2374	0.533	-0.8256	1.7131	1.644	-0.99	-0.1509	-0.9577	-0.0897	-0.5609	0.1291	0.4434	-0.1355	-0.7855	-0.68	-1.2147	-0.2074	-1.0934	-0.0485	-0.6083	-0.4729	0.419	-0.6712	0.5316	-0.4053	-0.1139	-0.1004
MAP2K1|MEK1	0.4623	-0.9164	0.3764	-0.8141	-1.3283	0.0739	0.2031	0.67	1.2139	0.008	0.8243	-2.1841	2.1506	-0.0422	-0.16	-0.5878	0.8075	0.9924	-1.4929	0.3597	-0.0679	0.6968	1.286	0.0918	0.874	0.4134	-0.2656	-1.7955	1.4526	-0.0303	-0.8681	0.5346	-2.7304	0.2783	1.0599	-0.5064	1.5104	-1.9628	-0.1955	-0.0471	-0.5691	-0.03	0.0602	0.1056	0.0891
MAP2K1|MEK1_pS217_S221	0.741	-2.023	-0.2258	2.1404	-0.5711	-1.089	-1.7715	3.4921	-0.4953	0.3958	-1.0042	0.0314	-0.2425	0.2485	0.5764	-0.7752	-0.3778	-0.6594	-0.6515	0.6103	1.1084	0.3374	2.1003	-0.5456	-0.2069	-0.4591	-1.0318	0.0358	0.1908	-0.2129	0.1101	-0.627	0.9087	-1.1828	0.1364	0.8942	-0.5305	0.9129	-0.1651	0.7329	-0.7238	0.8447	0.3065	-0.2499	-1.0335
ERRFI1|MIG-6	0.5935	1.5432	-1.0436	-0.8471	0.2603	0.9072	1.0465	-3.4977	-0.2127	1.5203	-1.1379	0.8233	-0.7611	0.3022	-0.3629	0.8917	0.5554	-0.1437	2.1753	-0.3209	0.1874	-0.9062	-1.931	-0.9928	-0.3031	-0.0426	1.0381	-0.4271	-0.1276	0.7187	-0.9273	-0.3136	0.8237	0.3305	-0.4596	1.2707	-0.0659	1.0817	0.6159	-0.5154	0.4079	-0.2182	-0.8707	0.4119	-1.0766
MRE11A|Mre11	0.8614	0.2456	1.382	2.1053	-0.1014	-0.6071	1.2571	0.5151	-1.5827	-0.2046	-0.8149	-0.4599	0.3	-0.3112	0.2756	-0.4426	-0.1076	-1.2709	-1.0693	-1.4964	0.5973	-1.1139	2.1879	-1.6663	1.2569	-0.6368	-0.1738	-0.4038	-0.1275	0.4818	0.6248	-0.5832	1.3512	-1.6536	0.2603	1.4218	-1.344	1.3185	-0.7454	0.9816	-0.7352	1.0477	-0.3851	0.4261	-0.8608
MTOR|mTOR	-0.1082	-2.6438	-0.9677	-1.3486	0.2748	1.7968	-1.5676	-0.0563	-0.1883	1.6519	0.9222	0.683	-0.1259	-0.7336	1.564	0.3452	0.2459	0.3897	1.7194	-0.0211	1.1348	0.446	-1.8745	-2.2587	0.3068	0.9924	-0.6024	0.3238	0.6222	-0.8254	-0.1918	0.4016	1.5881	-0.3632	0.5268	0.429	-0.0703	-0.9335	-1.0376	0.142	0.7317	-0.6253	-0.3339	-0.1408	-0.2196
MTOR|mTOR_pS2448	-1.0194	0.2486	-1.0514	-0.7811	0.6323	0.8572	0.9838	-0.2059	0.9014	-0.6458	0.7887	2.3599	-0.4617	-1.1139	0.042	0.8522	-0.6119	0.7263	-1.4023	0.2511	-1.1685	2.1382	-0.9879	-0.9576	-0.055	0.342	1.2578	0.8415	-0.7205	0.7734	1.0987	-0.1678	-0.9253	0.2487	0.1875	-2.2701	-0.8452	-1.8223	-0.1882	2.0069	-0.196	-0.6737	0.3707	0.1078	0.2549
CDH2|N-Cadherin	-0.2559	0.1285	-0.288	1.4951	1.1794	-0.5715	-0.2573	0.3877	-1.4804	-0.6831	-1.5667	0.9656	2.0614	0.6548	-0.0488	-0.9245	0.0024	-1.9349	1.9739	1.1021	-0.6044	0.807	1.2341	-2.011	0.0578	-0.4379	0.9167	0.6008	-1.3302	0.2568	1.5445	0.2102	-0.0324	0.6862	-0.0939	0.0513	-1.6854	-0.4201	-1.9202	0.7611	-0.176	0.2003	-0.2559	-0.2857	-0.0135
NFKB1|NF-kB-p65_pS536	0.1827	0.4936	-1.165	1.6401	0.1877	0.0571	0.1065	0.7683	0.7913	-0.7341	1.3307	-0.4956	-0.3058	-1.1353	-1.0117	-0.3502	-0.5956	-0.7041	0.5101	-0.8028	-1.4335	0.8279	0.4251	-0.7992	-0.8186	0.8715	0.4102	0.2909	-0.9298	-0.1723	0.6586	-1.405	-0.9781	2.3149	-0.0198	-0.53	-1.1315	0.2824	-1.5942	-0.1695	-0.7607	2.5457	-0.2273	1.7922	1.7822
NF2|NF2	-0.349	-0.0424	-0.641	-0.6529	-1.3296	-0.0424	-0.8234	-0.9085	-0.0653	-0.8285	-1.766	0.3452	-2.357	0.5509	1.8279	0.3818	0.2954	-0.4355	1.878	-1.1246	0.0816	-0.1036	-0.9426	-1.0035	-0.1938	-0.0424	0.0746	0.6536	0.5326	0.2638	1.5716	1.9027	2.3352	1.2002	-0.9945	0.5088	-0.2669	-0.2299	-0.6398	0.9747	-0.2422	-0.1253	0.1933	-1.0689	1.6479
NOTCH1|Notch1	0.1776	0.5072	0.6101	0.7162	-0.4608	-0.9333	1.4162	1.5409	0.3125	0.9568	-0.8066	-1.0421	-0.9002	-1.3397	-0.1243	0.0341	-0.3432	-0.9969	-1.2814	-1.965	-0.2685	-0.3753	-0.446	-0.9642	1.5764	-0.1798	0.2956	-0.7541	0.495	0.5551	0.6522	0.1107	-0.6526	-0.623	-0.0864	0.1405	-0.3882	-0.6265	-1.2928	0.2239	-0.3029	3.3066	2.2075	-0.0466	1.3651
CDH3|P-Cadherin	0.2299	1.4863	3.0409	0.0364	0.0872	-0.0207	2.0965	-2.127	-0.711	-0.5311	0.1992	-0.2911	1.9596	0.6001	-0.7819	-0.1971	0.3343	-0.7359	2.33	-1.0335	-0.2595	-0.7667	-0.2174	-1.4463	0.42	-1.1018	0.2118	-0.1892	-0.1853	1.0606	-0.0787	-0.3673	-0.41	-1.0466	-0.0834	-0.1998	-0.7681	1.3364	-1.0756	0.5492	0.2919	-0.2403	-0.7276	-0.2022	-0.4752
CDKN1B|p27	0.6707	-0.4515	0.6325	-0.6394	-0.1647	-1.2503	-0.2994	-2.2257	-0.9566	-0.4551	-0.0475	0.2126	-1.2247	1.133	0.023	-0.6038	1.0499	-0.342	0.4142	-2.1616	3.7048	-0.893	-0.3325	-0.0101	-0.497	-0.1143	0.9383	1.0599	0.8683	-0.6492	2.2883	0.0363	-0.1161	0.0529	-0.4645	0.5674	-0.533	0.4619	-0.8216	-0.365	0.3184	0.2598	-0.4237	0.8896	0.4606
CDKN1B|p27_pT157	0.6423	1.5264	1.7663	1.7352	0.256	-0.3075	2.6788	-2.4408	-0.7422	0.6391	-0.5268	0.1311	-0.144	-0.1177	0.2653	-0.3901	1.1792	-0.8625	-1.0621	-0.9472	0.7786	-1.0439	-0.1087	-1.327	0.3626	-0.9551	1.1529	-0.4826	0.3879	1.635	0.1378	-0.2036	0.224	-1.7795	-0.5585	-0.3572	-0.5701	-0.4773	-0.5695	1.1171	-0.0821	1.0895	-0.9789	-0.1842	-0.4859
MAPK14|p38_MAPK	1.5216	-2.018	1.2759	-0.3611	-0.883	-0.553	-1.624	-0.5853	0.144	0.6488	-0.2866	-0.1456	-1.844	-0.8125	2.7216	-0.8533	-1.143	0.3513	1.0968	1.3227	-0.4598	-0.0806	-0.7713	0.987	0.674	-0.8954	-0.0666	0.5512	0.0451	-1.8445	0.3293	-0.6471	1.4016	-0.6017	1.4552	-0.6561	-0.0566	1.0004	-0.2784	-0.0289	0.0668	0.6249	0.3013	-0.3666	1.3437
MAPK14|p38_pT180_Y182	-1.0072	-0.242	-0.8146	0.6445	-0.1466	0.5898	-0.5277	1.4618	0.17	-0.4637	-0.2525	1.4501	-0.9603	-1.9933	2.9549	-0.0974	-1.0743	1.0643	0.4728	0.7797	-1.6	1.3743	-0.3355	1.2767	-1.247	0.717	0.4602	0.0731	-1.1732	-0.648	0.3603	-1.5217	-0.5961	0.4732	-0.779	-1.2096	0.6313	-0.3653	0.7296	-0.2987	-0.9911	-0.373	0.6617	1.1479	1.2244
TP53|p53	0.1123	2.2997	1.21	0.0921	0.3771	0.2016	2.8755	-2.222	-0.8833	-0.1654	0.2942	0.3466	-0.104	-1.1518	-0.9299	0.2317	1.0449	-0.66	-0.9616	-1.6709	0.103	-0.6529	-0.9468	-1.4077	0.7305	-0.4617	1.0666	0.2703	0.1403	1.8187	0.2634	-0.7131	0.0467	-1.7346	0.0112	0.0879	0.2497	0.0085	-1.3783	1.1301	0.263	0.638	-0.4317	0.4638	0.0983
RPS6KB1|p70S6K	0.0935	-2.5441	0.1089	-0.7539	-0.3313	0.6877	-1.4462	-0.224	0.8451	1.1423	0.0506	-0.7816	-1.1737	-0.9339	1.6448	-0.2967	1.8498	-0.3906	1.3093	1.1025	-0.6763	-0.5576	0.0711	-0.5795	-0.1256	2.1524	-0.8491	0.4772	1.6756	-0.7056	-0.9625	-0.5419	1.1765	0.5812	2.0321	-0.1945	0.1664	-0.1033	0.8638	-0.2999	-0.1184	-0.7005	-0.8932	-1.0484	-0.7982
RPS6KB1|p70S6K_pT389	-0.357	1.7385	0.5303	0.062	1.7831	0.0894	2.3871	-0.613	-0.9304	-0.694	-0.0178	1.8928	-0.3001	-1.9962	-0.8407	-0.0256	1.1108	0.1025	-1.5358	-1.222	-0.0942	-0.4454	-0.1104	-1.3055	0.1502	0.9489	0.4873	1.2612	-0.0772	1.5131	0.3435	-1.0486	-0.0163	-0.8313	-0.0805	-1.4475	-1.1888	0.6225	-1.1117	0.9849	0.4453	1.2186	-0.76	-0.4733	-0.1484
RPS6KA1|p90RSK_pT359_S363	0.3973	1.4752	0.1501	1.6046	-0.1389	-0.0105	1.9371	0.3293	0.3949	1.6909	0.4799	-0.0212	0.7761	-1.2056	-0.9911	0.1321	-0.5811	-0.7853	-1.3254	-1.0454	-1.5385	0.1249	0.9168	-1.6844	0.5252	-1.2335	-0.2578	0.3572	-0.1463	0.7912	0.8121	-0.3393	0.0855	-1.8356	-0.5423	-0.4565	-1.0478	1.2076	-1.0192	2.7107	-0.8436	0.9136	-0.4286	-0.1345	-0.1997
SERPINE1|PAI-1	-0.3942	-0.6112	-0.5628	-0.1045	-0.94	-0.9145	-0.0669	1.4472	0.5251	-0.838	-0.3446	-1.0784	3.1273	-0.0018	0.1557	1.4427	-0.2423	1.7895	1.4469	0.1216	-0.874	-0.8145	2.4005	0.3032	-0.6035	-1.1039	0.0331	-0.9059	-0.4656	-0.2818	-0.8575	0.5724	-0.6804	-0.5951	-0.3447	1.4662	-0.5664	-0.2938	1.7544	0.6036	-0.6053	-0.8705	-0.8092	0.4847	-0.903
PXN|Paxillin	-0.5447	-1.1376	0.5439	-0.3083	0.2289	-0.732	-1.2507	0.2243	1.539	-1.2277	0.1919	0.5927	0.2795	-1.5787	-0.5717	-0.5839	0.6893	0.5519	0.7379	1.1472	1.0205	-0.7214	-0.6804	-0.8552	-0.6891	0.0233	-0.3884	0.4375	0.6754	0.2667	0.0343	-1.3249	-1.3308	0.3016	3.3083	-0.8258	-1.9741	-1.2859	1.0317	0.157	1.4953	1.0608	0.9813	0.593	-0.1019
PCNA|PCNA	-0.6912	0.365	1.3551	-0.6095	-0.4096	-0.2894	0.641	-1.8271	-0.4914	-0.5327	-0.6145	-0.3222	0.3918	1.3271	-0.4862	0.4619	0.8253	0.2015	-0.9912	-1.2592	1.5192	-1.0829	-1.363	-0.0067	0.6324	-0.8106	0.2547	-0.4816	0.2178	0.9881	-0.8087	0.3531	1.2262	-1.5815	0.8447	3.19	-0.0974	-1.0431	-0.2995	0.5246	1.8577	-0.0813	0.4776	0.2363	-1.7107
PDK1|PDK1_pS241	-0.1315	-1.5627	0.7605	-0.4553	1.2887	0.9085	-1.9687	-1.2677	1.0471	-0.1105	-2.5449	1.5028	-2.0711	-0.4535	0.4749	0.8765	0.7793	-0.3308	-0.0639	-0.1203	0.8932	0.1512	-0.7395	1.5787	-0.2963	-0.5849	-0.9525	-0.3102	-0.3564	-0.4011	-1.1721	-1.5707	0.7608	1.2964	0.2428	0.3898	0.7883	0.8538	1.033	0.128	1.6065	0.3776	-0.3715	0.5617	-0.4639
PEA15|PEA15	1.7189	-0.7672	0.2017	-0.0126	-0.7402	-0.7755	-1.078	-0.1662	-0.5253	-0.3515	-0.3753	-0.0258	0.9396	2.0792	1.7486	0.0343	-0.7063	-0.1403	0.8744	0.4558	-0.0216	-0.8817	0.3651	-0.8364	-1.0802	-0.3534	0.485	-0.2261	-0.4788	-0.7809	-0.5415	0.8068	0.1857	4.1331	-0.4409	0.0466	0.3948	-1.1101	0.9935	-0.1903	-0.1839	-1.0857	0.5914	-1.3603	-0.8187
PIK3CA |PI3K-p110-alpha	0.587	-0.6836	0.0234	-1.2448	0.0429	0.7818	-0.9313	-1.3164	-0.5461	1.8294	0.6715	-1.2042	-1.7942	0.4302	0.4199	0.8763	0.0242	0.3067	-1.5516	0.2611	1.1293	0.0283	-1.3299	2.9006	1.5091	1.6364	0.4778	0.4287	-1.0939	-0.3282	-0.4565	-0.5317	1.4109	0.3052	-0.2116	0.0239	-0.5585	0.1007	-0.2703	-1.2935	0.0843	0.3964	0.7731	-1.814	-0.299
PRKCA |PKC-alpha	-1.0481	0.1401	0.565	0.4095	2.193	0.5296	0.7295	-0.7925	-0.6052	-0.4954	-0.1334	2.0318	-0.1303	-0.5578	-1.1246	-0.192	1.6708	0.7171	-1.0764	-1.6683	1.8286	-0.7178	-0.3153	-1.2431	-0.886	1.7541	-0.6095	1.7462	-0.4743	0.7095	-0.5311	-1.1383	-0.4297	0.6338	0.0573	-1.6119	-1.1023	0.6128	-0.5889	0.1996	1.1053	1.1044	-0.8447	-0.276	-0.1451
PRKCA |PKC-alpha_pS657	-1.5632	-0.0723	0.4742	0.2471	1.624	0.7886	0.8118	-0.311	-0.2592	-0.665	0.0041	1.5363	-0.2867	-1.2073	-1.2895	0.0266	1.3057	0.9649	-0.9692	-2.0757	0.8827	-0.4659	0.08	-0.9192	-1.2716	1.6359	-0.6519	1.6798	-0.4949	0.7839	-0.207	-1.3673	0.0321	1.1677	0.2673	-2.0257	-1.2846	1.0555	-0.263	0.3147	1.1121	1.3634	-0.7316	0.0541	0.1694
PRKCD|PKC-delta_pS664	-0.2748	0.0591	0.476	-0.1776	2.5128	0.2869	1.0724	-1.2586	-0.6234	-0.0722	-0.6303	2.2113	-0.3358	-1.0941	-0.411	0.0018	1.5483	0.6907	-1.1223	-1.1038	0.4162	-0.1617	-0.8817	-0.8297	-0.9036	2.0285	-0.0785	2.0404	-1.0075	0.5403	-0.3724	-1.4597	0.0232	0.4694	0.0403	-1.5833	-1.2662	0.4523	-0.667	0.3745	0.8169	1.3675	-0.8883	0.2069	-0.4319
PGR|PR	0.6908	1.1989	1.4456	0.3122	0.06	-0.4179	2.0654	-2.3191	-1.0652	0.5994	-0.1848	-0.4451	-0.3615	-0.712	-0.1967	-0.1897	0.7126	-1.0466	-1.0	-0.7392	0.6986	-0.6585	-0.534	-1.2846	0.5499	-0.921	0.3821	0.2936	0.3523	1.0586	0.1685	-0.4781	3.2271	-2.1445	0.1636	-0.1243	-0.1663	1.3718	-0.9082	0.9843	0.2689	0.4753	-0.2531	-0.1535	-0.7757
AKT1S1|PRAS40_pT246	-1.0374	-1.3388	-1.0021	0.2933	0.6339	1.0195	-1.0618	-0.113	1.4664	0.466	-0.1825	2.8723	-2.2449	-1.0862	-0.1944	0.5192	-0.36	0.367	0.064	0.6462	-0.1475	0.3141	-0.6864	1.2949	-1.8033	0.8514	0.5852	-0.5006	-0.8853	-1.588	-0.4996	-0.9405	-0.3692	0.3773	-0.3164	0.1263	0.9014	0.1268	1.0351	-1.0238	0.2508	-0.2449	0.0372	1.9578	1.4205
PTEN|PTEN	0.8723	-1.1741	-0.7416	-0.2315	-0.6347	2.6844	-1.1059	0.1089	0.735	2.0988	0.9705	-0.9216	-1.6429	-1.2157	1.0674	0.7225	-0.6695	-0.4131	-0.8238	-0.1188	-0.9537	1.2819	-1.3498	0.0546	1.1026	0.8873	0.9843	-0.4568	-0.5568	-0.7697	-0.7845	0.1024	0.3198	1.0083	0.2078	0.0226	0.8589	-0.319	0.4946	-1.9619	-0.6794	-0.299	1.2689	-1.0596	1.0296
RAD50|Rad50	-0.3442	-1.6999	-0.4384	-0.4122	-0.2907	-2.6923	-2.1705	-1.2476	0.858	0.1741	-0.024	-1.2052	1.7065	0.1747	-0.2215	-0.7742	0.0609	0.5616	1.5399	1.3253	1.2031	-0.666	-0.7514	-0.0441	-0.242	-0.8205	0.2593	-0.165	-0.1203	-0.8286	-0.8615	1.0373	1.0104	-0.1874	-0.0535	1.2887	0.2068	1.4057	0.8114	0.5372	2.2375	-0.8125	0.0784	0.7636	-0.1669
RAD51|Rad51	0.8352	0.8423	-0.6513	1.5972	-0.2224	-0.5035	1.0784	1.7831	-1.3699	-0.2046	-0.9903	-0.0924	0.8221	-1.6332	-0.6748	-0.7616	-0.1786	-0.8476	-0.6218	-0.7422	-1.0938	-1.4333	2.1233	-1.3966	0.8172	-0.1375	-0.6242	0.6656	0.1548	0.2961	1.1342	-0.5855	0.4382	-1.4423	0.4242	1.1584	-1.6436	1.7317	-1.0768	0.8592	-0.6114	1.1843	0.4491	0.5327	0.612
RB1|Rb_pS807_S811	-0.7068	0.2027	1.2395	0.0802	-0.0005	-0.0714	0.4178	2.1114	-0.0755	-0.302	0.1585	0.055	0.7108	-2.0564	-0.3833	0.8294	-0.5512	1.6962	3.1971	-0.1344	-0.7497	-0.7447	0.6875	0.0049	-1.073	2.0584	0.4405	-0.5699	-1.1907	-0.2676	-0.4878	-1.0651	-0.412	-1.3063	-0.6682	-1.0517	1.9472	0.4654	-0.3797	-0.2651	-0.4426	0.2454	-0.6201	-0.3421	-0.6303
RPS6|S6	-0.2218	-2.9658	-0.1699	-1.2267	-0.4007	1.5485	-1.3114	0.042	1.0935	0.2257	0.0508	0.2137	-2.3519	1.3436	0.8882	0.5284	-0.5057	0.9054	-0.2382	0.6501	0.3417	0.4267	-1.1383	2.4067	0.3304	0.2593	0.2842	-0.4053	0.3425	-0.6489	-0.7285	0.4208	1.9761	-0.1886	0.8768	0.8977	-0.1194	-0.4364	0.3539	-0.424	0.1824	-0.3905	-0.0027	-1.0958	-1.619
RPS6|S6_pS235_S236	-0.6635	0.0018	-0.9832	0.0248	-0.4916	-0.1402	1.0969	2.4992	2.462	-0.2224	0.6205	1.1141	0.1662	0.5374	0.4978	0.2443	-0.9901	1.6825	-0.4545	-0.5341	-1.1057	-0.2226	-0.3944	0.6974	-0.9897	-1.0735	0.7472	0.0854	-1.6606	0.0693	-0.3809	-1.3361	-1.1112	1.3919	2.0855	0.0092	-1.0897	-1.6337	0.0028	0.7865	-0.6117	-0.4827	0.7806	-0.8062	-0.225
RPS6|S6_pS240_S244	-0.7604	-0.0349	-1.3105	-0.1486	-0.0522	0.3872	1.0927	1.8517	1.7814	-0.6393	0.6826	1.9628	-0.1416	0.5129	0.4176	0.2882	-1.0564	2.1117	-1.383	-0.3014	0.0057	-0.1015	-0.4703	1.1842	-1.1237	-0.2859	0.5147	-0.4064	-1.722	-0.0176	-0.4158	-1.1295	-0.6138	0.1519	2.6944	-0.7339	-0.9911	-1.4813	0.1358	0.925	-0.1432	-0.7096	0.4185	-1.0507	0.1058
SHC1|Shc_pY317	0.8534	0.9911	1.3464	-0.7488	-0.6797	1.4081	1.4618	-1.6587	-0.7009	0.0066	0.5438	-0.4374	-1.0561	-0.5957	0.376	0.0036	0.0661	0.1972	-1.0444	0.253	-0.2316	0.1218	-1.5396	-1.5772	0.6336	-1.7929	0.8187	0.6148	-0.07	1.3413	-0.7557	0.3552	0.2369	3.6824	-0.6506	-0.989	0.0037	-1.1157	-0.4933	0.4749	0.6371	0.5089	-0.5049	-0.0783	-0.216
SMAD1|Smad1	0.6049	-0.8168	0.7707	0.3389	-0.4673	-0.6686	-0.6038	0.8716	-0.9719	2.8833	-1.2652	-0.2031	-2.1083	-0.9385	0.2104	-0.5887	-0.6357	-0.6481	0.7937	-1.3096	0.5632	-0.0028	-1.3673	-0.0038	0.1527	-0.1862	0.347	1.1076	1.3233	0.0179	-0.1997	0.144	1.3225	-1.2544	-0.1945	2.2183	-0.8836	1.2064	-0.9419	-0.1924	-0.2989	0.5412	0.9603	-1.1293	1.5025
SMAD3|Smad3	0.5289	-1.786	0.5145	1.9122	0.378	-1.1416	-2.7801	-0.5152	-1.0397	1.1119	-1.0543	-0.4181	0.2414	0.7345	-0.1043	-0.8281	-0.5214	-0.9719	-0.0923	0.592	1.971	-0.2511	0.9096	-0.4935	-0.2165	-0.9239	-0.9774	-0.2478	0.7976	0.4299	1.5553	1.1678	1.3279	0.7175	0.4572	1.8484	-1.0759	-0.0813	-0.7305	-0.7634	0.3816	0.8387	0.0686	-0.6007	-0.8696
SMAD4|Smad4	0.9269	2.2616	1.032	1.254	-0.2638	-0.5508	2.2225	-2.1547	-1.2316	0.5534	-0.2486	0.1364	0.1557	-1.397	-0.2994	0.1167	1.3093	-0.4486	0.048	-0.9576	0.0128	-0.9267	-0.9982	-2.2825	0.9576	-1.2036	0.6318	0.0961	0.3083	2.2178	-0.4218	-0.5595	0.2141	-0.983	-0.365	0.2057	-0.4923	0.3058	-0.2997	1.3105	-0.2105	-0.1948	-0.5498	0.7461	0.0167
SRC|Src	0.9458	-1.2139	-0.4755	-0.6988	-0.6041	-0.7578	-1.7722	-1.3793	-0.1971	1.4781	-1.3469	-0.7118	-1.4823	1.6081	0.7003	0.9628	-1.3365	-1.8589	-1.2957	-0.3508	0.6949	-0.1459	0.534	-0.1657	0.4858	0.5897	-0.3065	0.8848	0.232	-0.0753	-0.5862	0.1867	0.9857	1.1957	2.0301	1.9125	0.2782	1.6366	-0.4525	-0.5114	0.1758	-1.1481	0.5212	0.5904	0.2441
SRC|Src_pY416	-0.5981	0.8894	0.2452	-0.2252	-0.4014	-0.1434	1.4435	0.0589	-0.448	-0.9507	-0.854	-0.0395	-0.3931	-0.2254	-0.4861	0.5445	-0.2329	0.398	-1.4548	-0.6046	-0.2929	-0.2628	-0.3704	-0.6759	0.0003	-0.7758	-0.047	-0.6575	-0.1468	0.4629	-0.1999	0.4264	-0.2045	-0.6765	-0.867	-0.7008	-0.1731	0.0068	0.4654	0.593	-0.4534	0.9473	-0.4613	2.8026	4.7381
SRC|Src_pY527	-0.1747	0.1797	-1.2373	-1.3143	-0.293	1.7256	-0.0931	2.0924	-0.4379	0.0318	0.029	-0.0965	-1.0049	-0.0082	1.4934	-0.0086	-1.3912	-0.5406	-1.6731	1.1749	-1.7481	0.6477	0.4116	0.4772	-1.468	0.0668	0.6449	0.6315	-0.2873	-1.0178	-0.0123	-0.3497	-0.0973	0.0813	-0.8351	-0.4194	0.5	0.9083	0.1496	0.0366	-1.4634	-0.3016	0.649	1.1175	3.2248
STAT3|STAT3_pY705	1.6534	0.3182	0.5691	1.7571	-0.7338	-0.3355	1.1827	0.3136	1.2327	2.1205	-1.1229	0.6243	-0.3253	-1.9257	1.07	0.041	-0.6386	0.4049	1.9106	-0.2543	-2.1981	-1.0285	-1.07	-1.1592	-1.3662	-0.5335	0.9129	-0.5342	-1.432	-0.195	0.4173	-0.3176	-0.8855	-0.3637	-0.2826	-0.7979	-0.1518	-0.0955	0.2654	0.3483	-0.7515	0.3733	1.2018	0.6816	1.1001
STAT5A|STAT5-alpha	0.5714	0.2488	1.8522	0.5846	0.9258	-0.3856	-0.1383	-0.245	-0.5325	0.4792	-0.4298	0.2607	-1.7577	-1.6394	1.1319	-0.4838	0.2791	-0.9354	-2.5578	0.0804	1.4688	-0.301	-1.2718	-0.0484	-0.2628	0.8831	0.4226	1.627	-1.4056	-0.1394	0.45	0.1887	-1.7214	1.3293	0.6595	1.7487	-1.5792	0.1575	-0.9652	0.9385	-0.0925	0.4812	-0.1018	-0.7782	1.004
STMN1|Stathmin	1.0483	-0.3802	0.8625	2.4357	-0.3583	-0.9464	-0.4502	1.2308	-0.8556	0.1957	-0.4052	-0.5234	0.5326	0.0886	-0.3674	-1.4223	-0.3995	-0.9916	-0.9158	-0.7288	0.757	-1.7834	1.8489	-0.584	0.5597	-0.5842	-1.1225	-0.2391	0.3936	0.1146	0.3895	0.0192	2.118	-1.6578	0.622	1.8064	-0.7477	1.0257	-1.0472	0.4937	-0.9061	1.0987	0.6838	0.4456	-1.3538
SYK|Syk	-0.4136	0.357	1.9168	1.6579	0.2392	-0.9819	-0.1639	1.9055	-0.4741	-0.8816	-0.6637	-0.4473	0.2811	-1.3268	0.9433	-0.8713	-0.5851	-1.001	3.6614	-0.2382	-0.7978	-0.3792	-0.1727	-1.1955	-0.53	-0.9852	0.2908	0.9742	-1.1685	0.0306	1.4305	-0.0015	-1.363	-0.0884	-0.3293	-0.8575	-0.5426	-0.2241	0.2027	0.1896	0.0875	1.0601	1.1825	0.2521	0.0211
TSC2|Tuberin	0.7191	-2.3899	1.0364	-1.2571	-0.5915	1.5512	-1.8033	0.0361	0.334	1.5999	0.4682	-0.9603	-1.1767	-1.6984	1.234	1.1477	0.3355	0.9987	0.1558	0.0739	-0.0073	0.2713	-2.1518	1.5466	0.4291	0.6558	-0.028	-0.0191	-0.4199	-0.9907	-1.1437	0.0255	0.7392	1.5617	-0.246	1.1724	0.8078	-0.2292	-0.645	-0.7101	-0.2565	0.6144	0.2626	-1.1411	0.0887
KDR|VEGFR2	-0.3451	-1.5556	-1.0388	-1.0503	-0.1567	-1.2843	0.8724	-0.7488	0.1924	-1.2882	0.3664	-0.1387	0.9753	1.4634	-0.0135	-0.554	0.2221	1.6972	1.9669	0.125	-0.1219	-0.5016	-1.1657	1.2594	-0.0189	0.7217	1.3356	-0.9833	-2.1101	-0.8811	-0.3573	0.5198	-1.9929	1.4354	-0.8195	0.5322	-0.7392	0.3562	0.074	-0.5621	1.2715	0.0889	0.6065	0.7341	1.6113
XRCC1|XRCC1	0.4915	0.5521	1.5309	-0.2362	-0.0398	-0.4315	1.7467	-2.8342	-1.2075	1.7395	-0.993	-0.5248	0.6067	-1.0356	-0.2869	0.3723	0.088	-0.1601	-0.2779	-0.772	0.2849	-1.913	-1.1433	-0.762	0.8022	-1.2598	0.0825	-0.1276	0.1156	1.0711	0.0839	0.3783	1.5724	-1.0446	0.6394	2.456	-0.1828	0.6057	-0.6744	0.9983	0.5603	0.3085	0.1	-0.2026	-1.0772
YAP1|YAP	0.7067	-0.2417	0.9414	2.6487	-1.2233	-0.4964	-0.2623	1.8765	0.6474	-0.6336	0.3487	-1.2515	0.4374	0.6742	0.5991	-0.8007	0.1012	-1.1395	-0.0337	0.4609	0.8595	-1.7747	1.5307	-1.7408	-0.2677	-1.6009	0.8526	-1.1205	0.7668	0.7061	-1.4868	-0.4554	1.5679	1.3634	-0.4943	0.3417	0.5741	-0.1546	0.2962	-0.4125	-0.8007	-1.3783	-0.144	0.1388	-0.5263
YAP1|YAP_pS127	0.9434	-0.2079	-2.0057	0.6134	-1.3773	0.9563	-0.6262	0.287	0.6044	-0.736	0.7293	-0.4838	-0.5683	1.6388	0.3238	-0.8517	-0.9733	0.2212	-0.0571	1.2243	-0.1362	-0.106	1.231	0.4916	-2.5349	0.0778	1.9486	-0.4589	0.1352	-0.4542	-0.8147	-0.8267	0.8174	1.0162	-0.6642	-0.575	1.6915	0.0455	0.9827	-1.9548	-0.4283	-1.2646	0.4015	0.1486	1.5764
YBX1|YB-1	-0.4464	-0.473	-0.1761	-0.7494	0.2577	-0.015	-2.6027	-1.6572	-0.6075	1.181	-0.5728	-0.9444	0.8677	0.8314	-0.458	-0.535	0.4324	-0.2197	-1.1837	0.841	1.9882	1.5758	0.9546	0.3435	0.3189	-1.2073	-0.9216	-0.2676	0.4182	1.0669	0.0457	0.7301	-0.398	0.0184	-0.4271	2.3306	1.2992	-1.1211	-0.1313	-2.1318	1.033	-0.4837	0.4205	0.7603	0.0152
YBX1|YB-1_pS102	-0.2691	-0.7586	-0.318	2.2704	1.3163	0.0312	-0.588	2.9831	1.3002	0.8501	-0.2669	2.76	-0.4847	-0.845	-0.0513	0.0574	-1.1492	0.483	-1.322	0.8619	1.6779	-0.4686	0.52	0.0541	-0.5453	0.1677	-0.1681	-0.3952	-1.4785	-0.9351	-0.6756	-0.9313	0.937	-0.9862	-1.0312	-0.5646	-0.4947	-0.4177	0.0414	0.3456	-0.4542	0.053	-0.8992	-0.0882	-0.124
EIF4EBP1|4E-BP1_pT70	0.6641	-0.4304	-0.7627	2.3682	-0.005	0.3798	-0.4766	1.0593	0.3055	0.165	-0.561	0.149	0.4254	1.4944	-0.1911	-0.9037	-0.7507	-1.1012	-0.382	0.0921	0.2287	-1.6066	3.1583	1.0341	-0.7045	-0.0257	-0.5209	-0.4257	-0.6959	-0.6946	0.162	0.3855	0.9591	-2.8004	-0.3888	0.5537	-0.5402	1.4308	-0.4539	-0.8784	-0.847	0.9639	0.4793	-0.7898	0.4789
ARAF|A-Raf_pS299	0.0159	0.7733	0.4216	-0.4687	0.9603	-0.7125	0.5228	-0.6208	0.4512	-0.7098	-0.1976	1.0093	-1.0704	-1.3168	-0.9743	0.4445	0.187	-0.4019	-1.4824	-1.3071	3.0585	-0.0214	-1.2641	-0.85	0.6324	0.4994	-0.0627	-0.2242	0.1752	0.6796	0.5283	-1.2534	-0.5357	-0.9238	2.4878	-0.943	0.5024	-0.1174	0.3716	0.2012	0.1006	-0.6644	0.1266	2.7504	-0.7775
ANXA7|Annexin_VII	1.7028	0.4991	0.3995	0.067	-0.6424	-0.5346	1.7466	-1.5643	0.195	0.6034	0.5398	-1.1845	0.412	1.3954	0.4637	0.7427	0.9506	-0.956	-0.6707	-1.3821	-0.1313	-0.1075	-1.8438	-2.1916	2.0272	-0.6243	1.6533	-0.8129	1.0412	-0.2299	-1.2045	0.4927	-0.3432	0.582	0.1061	-1.3895	0.2465	-0.6796	-0.5627	0.0579	-1.111	0.6246	1.0754	1.0489	-0.5069
ARID1A|ARID1A	NA	NA	NA	NA	NA	NA	NA	NA	NA	NA	NA	NA	NA	NA	NA	NA	NA	NA	NA	NA	NA	NA	NA	NA	NA	NA	NA	NA	NA	NA	NA	NA	NA	NA	NA	NA	NA	NA	NA	NA	NA	NA	NA	NA	NA
BRAF|B-Raf	-0.3665	-1.187	0.5059	-1.3465	0.4453	-0.804	-1.6377	-0.0636	1.2023	1.3178	-0.5174	0.0879	-0.0121	-0.1303	-0.9206	0.4684	0.9978	0.7796	-1.4358	0.1897	-0.0049	0.385	-1.4597	1.396	1.567	-0.3204	-0.7009	0.0606	1.2024	-0.3449	0.0116	-1.1371	-2.1909	-0.7486	2.7456	-0.8128	0.2487	-0.7622	1.3273	1.1125	0.8576	0.2454	0.2746	-1.0581	0.5331
BAD|Bad_pS112	-0.7909	-0.4706	-1.1619	0.1761	0.0676	1.2583	0.2536	0.7168	0.3845	0.2787	1.5869	1.5141	-1.4407	0.6269	1.1779	0.6141	-0.6499	1.0976	-0.4836	-0.5646	-1.09	0.4082	-0.3813	0.2224	-2.281	2.0582	1.5666	0.3324	-1.9184	-0.7563	0.347	-0.6123	-0.0017	2.0276	-1.0411	-1.8333	0.6223	-0.3433	0.0661	-0.7605	-0.9244	-0.0369	-0.3998	0.4285	0.1101
BAP1|Bap1-c-4	0.5933	0.1748	1.1027	-1.3644	-0.2282	1.0378	0.256	-0.3934	-0.577	1.5759	0.7808	-0.1557	-0.7425	0.7739	0.3943	-0.3582	-0.4321	-0.0903	1.7129	0.1199	1.0524	-1.3785	-3.282	-0.4004	0.5055	-0.9491	0.2041	-0.6215	0.5888	0.2905	-1.0916	1.2692	-0.0024	-1.0866	-0.3562	3.0445	0.2233	0.797	-0.6514	-0.6787	0.1867	-0.3756	-0.8423	-0.6112	-0.0149
BRCA2|BRCA2	0.9164	1.077	1.0337	1.4144	0.0048	-0.8775	2.4056	-0.0928	-1.2106	0.1911	-1.269	-0.219	1.0575	-0.2337	-1.3364	-0.5374	0.518	-0.2764	-0.5412	-1.1633	-0.1843	-1.5551	0.6402	-2.2498	0.8435	-1.266	0.7597	0.46	0.1581	1.1145	0.484	-0.1423	0.2054	-1.5112	-0.382	1.2169	-1.6819	1.0857	-1.1342	0.9904	-0.4416	0.8243	0.1087	1.1006	-0.3049
MS4A1|CD20	1.5531	1.6969	0.4127	-0.5109	0.5136	-0.5066	1.7338	-2.2598	-0.9703	1.7416	-0.427	-0.4857	-0.4433	-0.0353	-0.0645	-0.3022	0.2148	-0.7768	-0.8155	0.3425	0.7434	-0.5087	0.1976	-2.2204	-0.2255	-0.4173	0.4306	1.4212	0.128	1.6147	0.0014	0.4786	1.6151	-2.0726	-0.6495	1.1375	-0.6223	0.9451	-0.7923	0.7331	0.0947	-0.0579	-0.9726	-0.5442	-1.0688
CCNE2|Cyclin_E2	0.3336	0.0997	0.1642	-0.8748	-0.0248	-0.2797	-0.2245	-1.104	-0.4058	1.1394	0.2291	-0.3044	-0.2938	0.4806	0.1927	0.1805	-0.0521	-0.1207	0.2958	0.2582	0.9362	-0.2728	-1.1201	0.4821	0.0522	-0.6084	0.2988	0.4788	0.0422	0.3421	-0.6425	1.8282	0.0582	-0.9969	-0.2219	4.278	-0.0694	0.0158	0.1139	0.1377	0.3369	0.108	-3.5465	-0.8307	-0.8892
ETS1|ETS-1	1.5402	0.4151	0.5489	0.8501	0.6515	-1.1557	-0.7009	-0.5131	-1.5054	0.4458	-1.1571	-0.1017	1.785	0.5316	-0.4915	-0.2851	-0.3424	-1.4557	-1.1342	0.4392	0.8808	-0.0769	1.7183	-1.6149	-0.4132	-0.6385	-0.5913	0.8364	-0.4106	1.4856	0.9744	1.4473	1.9382	-2.0718	-0.3329	0.1574	-1.2847	0.2424	-1.091	0.8218	0.9822	0.1847	0.0379	-0.419	-1.1271
EIF4G1|eIF4G	0.9391	-0.2009	1.1611	-1.0662	0.7467	0.6545	-1.3319	0.2326	-0.0216	1.8441	0.2234	-1.6096	-0.1789	-1.2578	0.1651	-1.771	0.1605	0.2328	-0.2424	1.907	1.2044	0.2187	-0.6021	1.3558	1.2856	0.0502	-1.7735	-0.3004	0.992	0.0354	-0.315	-0.7086	-2.394	-0.8589	1.1923	0.8103	0.4444	-1.2327	-0.1792	-1.5424	0.3954	0.7899	0.153	-0.2782	0.6711
FASN|FASN	-0.1662	-1.1676	-0.6293	-1.4286	-0.4823	2.2629	-0.2923	-1.0102	0.6916	0.567	0.9688	-0.6375	1.2525	0.4272	2.6645	-0.4182	-0.0874	0.7824	-0.7349	1.8024	0.3989	-0.2841	-0.4959	0.2022	-0.3753	-0.2831	0.0648	-0.474	0.8207	-0.9423	-1.5133	-0.4951	1.0051	-1.718	0.7679	0.9137	1.7488	-0.7359	0.8328	0.3197	-0.7015	-1.1486	-0.2484	-1.4348	-0.589
FOXO3|FOXO3a_pS318_S321	-0.6074	0.7317	-0.8237	-0.0379	-0.6755	1.7835	1.2537	-1.5113	-0.4619	0.5998	0.8395	1.2947	-1.2608	-0.7463	0.044	0.8963	-0.3703	-0.4016	-0.7929	-0.7459	-0.5421	-0.0686	-0.826	-0.414	-0.2623	-0.917	1.036	-0.2223	-1.0674	0.0735	0.0829	-1.2442	2.5743	-0.0291	0.416	-2.518	1.5736	-0.5257	-0.2973	0.3755	-0.169	1.142	0.889	-0.1596	2.0921
FOXM1|FoxM1	0.8855	1.2623	0.0083	-0.2539	-0.1429	0.6835	1.4767	1.3482	-1.4167	-0.8933	-0.0293	0.2313	-0.302	-1.51	-1.2577	-0.0031	0.1235	1.1724	0.506	-0.7449	-0.8544	-1.3236	-1.07	1.3549	0.0395	-0.2	0.108	-0.6614	-0.4773	0.9896	-0.3785	2.3251	1.301	-1.6938	-0.2386	2.8894	0.3734	-0.5827	-0.9255	0.2943	-0.326	-0.0589	-1.0468	-0.1217	-0.86
G6PD|G6PD	-0.2876	0.0508	0.5478	1.7355	2.0894	0.8858	-0.1036	-1.4236	-0.5366	0.7136	-0.3945	1.6452	2.5941	1.9178	-0.8375	0.4619	0.3226	-0.742	-1.3092	-0.1687	2.3958	-0.8479	-0.3318	-0.5111	-0.4307	-0.6751	-0.1846	-0.0171	-0.6372	0.001	0.2534	-0.9362	-0.4905	-1.3452	0.1958	-0.3644	-0.953	-0.9574	-0.8313	0.2278	0.3791	-0.3987	-0.6572	1.1308	-1.1754
GAPDH|GAPDH	-0.3786	-1.1838	-0.0334	-1.2541	-0.2761	-0.468	-1.4636	-1.4618	1.5805	-0.738	0.5359	-0.1865	-0.1761	1.2033	0.0492	0.3138	0.5764	1.356	0.1242	0.2123	1.3714	0.4782	0.4629	-0.8878	0.2624	1.5128	-0.9522	-0.7196	0.5298	-0.3083	-1.1726	0.6525	-0.5832	-0.5993	0.6315	-0.7213	3.3946	-0.9866	1.4625	-0.4654	0.3456	-0.7141	-0.5639	0.9141	-1.6757
GSK3A GSK3B|GSK3_pS9	-1.0734	-0.4229	-1.0364	-0.1839	0.9401	0.4606	-0.4905	0.8383	0.9803	-0.0184	0.1524	1.5974	-1.1679	-0.3165	1.1516	0.1291	-0.7998	0.9541	-0.8876	1.8991	-1.0997	0.4257	-0.9355	1.6527	-1.7759	1.1541	1.5597	0.3902	-1.3741	-0.9909	-0.0128	-1.4798	-0.4404	0.9212	-1.3858	-1.784	1.111	-0.3728	0.5998	-0.6311	-0.8418	0.6196	0.5846	0.2448	1.1554
NRG1|Heregulin	-0.0013	0.2584	0.3607	3.7167	-0.6602	-0.7643	1.1056	-1.4686	-0.6807	0.3169	-0.5892	-0.8163	0.3177	-0.2133	-0.5519	-0.4968	0.593	-0.9188	-0.1698	-0.5253	-0.0771	-0.9619	0.0724	-0.9951	0.2841	-0.425	0.2645	-0.4915	0.4218	0.3533	0.1411	-0.109	-0.1348	-1.1509	0.0203	2.9864	-1.1155	2.691	-0.4864	-0.1178	0.2294	-0.3229	0.3676	0.4451	-0.7019
MYH11|MYH11	2.6456	1.0825	-0.3995	0.2244	-0.8174	0.1372	1.2289	-1.7972	-1.2947	1.243	0.4438	0.2893	-0.6394	-0.8335	0.6869	-0.1235	0.0702	1.3138	-0.3858	-0.8337	-0.9783	-0.0398	-0.2249	-0.301	-0.8565	-0.6405	0.9479	-0.2785	0.7266	1.4488	1.4477	2.0343	0.1753	-1.5265	-0.9656	-1.1509	-1.502	0.2853	-1.0554	-0.5955	0.2189	-0.3625	0.7395	-0.9593	1.172
MYH9|Myosin-IIa-pS1943	0.5133	-0.9042	-1.1973	0.3197	-1.6176	1.2672	-0.3355	0.4345	-0.0821	-1.4461	-0.8454	0.1959	-0.7217	1.6051	1.2715	-0.084	-0.7456	1.9214	2.0143	0.5554	-0.4124	0.1197	-0.374	0.7456	-0.34	-0.7801	0.1798	-0.0567	0.6064	-0.226	-0.2401	-0.1098	0.8475	-1.4107	-1.5659	-0.5463	0.9085	-1.3001	-0.5394	0.1348	-2.2351	0.4064	1.2228	0.896	1.9503
NRAS|N-Ras	-0.0175	1.8895	1.836	1.1693	0.5602	-0.0968	2.2592	-1.9393	-0.4963	0.2837	-0.3214	-0.106	0.0551	-0.946	-0.3738	0.0805	1.1807	-0.868	-1.353	-1.7897	0.9491	-0.6966	-0.8138	-1.7501	0.7983	-0.798	0.7984	-0.2357	0.2784	1.8725	0.492	-0.6382	0.2737	-1.0558	0.0117	-1.346	-0.5558	-0.4318	-0.4818	1.5984	0.2989	0.5575	-0.7073	0.5839	-0.0083
NDRG1|NDRG1_pT346	-1.3103	-0.3102	-1.399	1.3983	0.2432	-0.076	-0.2476	0.5299	1.2272	-1.7233	1.0069	0.071	0.856	-0.4775	-0.6576	-0.1579	-0.5641	2.3392	-0.1565	0.0744	-1.313	-0.0312	1.5904	0.4307	-1.6929	1.5989	0.0161	0.5166	-1.0961	-0.507	-0.4402	-0.0851	-1.5374	-0.1664	-0.7552	-1.5893	1.296	0.3292	2.1018	-0.7845	0.3673	-0.2018	-0.3314	1.2791	0.3394
CDKN1A|p21	-0.5612	-0.1811	-2.3718	0.7513	0.8688	1.1449	-0.6646	-1.1265	0.9264	-0.3241	-0.9308	0.9813	-0.1345	0.1703	0.6455	1.1899	-1.6435	0.5106	-0.8827	-0.1363	0.8062	-0.0707	1.2914	1.0321	-1.614	1.0351	1.4001	-0.3278	-0.6759	-1.5696	1.1391	-1.4747	-0.158	-0.6232	-1.3967	-1.5054	1.0158	-0.0741	0.6048	0.3581	0.2185	0.755	-0.872	1.492	0.9821
CDKN1B|p27_pT198	0.8595	0.1856	1.8981	2.0739	-0.3874	-0.06	1.0307	-0.7208	-0.4839	1.911	1.0718	-0.4863	-0.5982	-0.4468	0.6863	-0.8423	0.1174	-0.7909	-0.1048	-0.6282	1.5118	-2.5379	0.7686	-0.5778	1.0248	-1.6366	0.4845	-0.4468	-0.2061	0.5252	-0.6671	0.1743	2.3392	0.0486	-0.6215	0.7649	-0.8895	0.2607	-0.4429	-0.4468	-0.9413	0.1369	-1.023	-0.4468	-1.4401
RPS6KA1|p90RSK	-0.5213	0.2365	0.9892	-1.1325	-1.1796	-0.4407	0.2836	-1.5802	1.4298	2.0453	0.0809	-0.7577	1.2766	1.2593	1.7518	-0.6978	-0.6168	-0.5436	2.3511	0.1653	-0.9137	1.1139	-2.1574	-0.6112	0.9204	-0.2994	-0.6248	-0.5852	0.2888	-0.2022	-0.2369	1.0862	0.3855	-0.3722	-1.0194	1.0838	0.3988	0.3578	-0.4505	1.2543	-0.909	-0.7967	-0.0504	-1.3083	-0.7516
PDCD4|PDCD4	-0.7961	-0.5592	-0.3969	-0.3911	-0.4667	-1.1944	-0.3326	0.419	0.6711	0.3607	-0.4689	1.1426	-1.1354	0.0788	1.3273	1.8056	-0.8734	1.5352	0.1454	-1.0669	-0.9211	0.0332	-1.0341	2.1255	-1.65	-0.5798	2.5121	-0.9404	-1.0414	-1.3073	0.7844	0.2386	-0.0292	0.8599	-0.8978	-1.3361	0.272	-1.1354	1.4934	0.6765	0.1789	0.2606	1.0397	-0.031	0.6247
PDK1|PDK1	0.1504	-1.1	0.6706	-0.4901	0.9993	0.7293	-1.7217	-2.3356	0.7247	-0.2091	-2.5198	0.7263	-0.9358	-0.1215	0.2371	1.0725	1.1483	-0.7857	-0.6303	-0.1879	2.053	-0.0349	-1.0948	1.1978	-0.1419	-0.5386	-0.6774	-0.727	-0.3806	0.8967	-1.2849	-1.1813	0.0048	0.7733	0.4184	0.6783	0.5527	0.2942	0.8377	0.7629	2.1459	0.646	-0.4285	0.5895	-0.7823
PEA15|PEA15_pS116	-0.6816	-1.3156	-1.1015	-0.0348	0.2937	-0.0163	-1.9802	-0.6295	-1.3298	-0.1238	-0.5608	-0.2448	1.9137	1.7825	0.3222	0.4452	-1.0425	-0.4309	-0.3125	1.1444	-0.3077	2.6365	1.7911	0.0139	-0.8533	-0.2768	-0.1287	0.2368	-0.3184	-0.5879	0.5051	1.48	0.2123	0.8902	-0.6529	1.2277	-0.8857	-0.2413	-0.7045	0.0257	2.1585	-0.6305	-0.0919	-1.4033	-0.192
PIK3R1 PIK3R2|PI3K-p85	0.8848	-1.1447	0.9507	0.2925	0.4066	-1.0817	-1.4995	0.7232	-0.4577	0.1981	-1.0048	-0.5847	-1.1234	-0.6197	-0.1755	0.8329	0.1835	-0.7323	-1.3249	-1.7172	0.8814	1.0552	-0.4798	2.6174	0.4462	2.1432	0.7775	0.3203	-1.6812	-0.7401	0.3812	-1.1001	-0.3664	1.1147	0.5984	-1.4871	-0.3796	0.7301	0.8017	-1.21	1.1035	-0.1315	1.1356	0.2717	0.1914
PRKCB|PKC-pan_BetaII_pS660	-0.5985	-0.9022	0.0005	-0.1652	2.0953	-0.0734	-0.1084	-0.37	1.0151	-0.8096	-0.4862	2.3243	-0.4036	-1.0406	1.4265	-0.1198	1.1229	0.9098	-0.4182	-0.5978	-0.1067	0.8443	-0.7555	0.0663	-1.6252	1.9944	-0.0453	1.4084	-1.6946	-0.1773	-0.4896	-1.5028	0.1044	1.5633	-0.1205	-2.2956	0.0914	-0.1097	-0.0057	0.0966	0.5218	0.8168	-0.967	-0.9071	0.4941
PRDX1|PRDX1	0.835	1.8192	2.0446	0.8019	0.9184	-0.011	1.9996	-2.2874	-0.7755	0.6366	-0.1527	0.1393	-0.1337	0.4781	-1.0282	-0.2487	0.9673	-0.5616	-0.4123	-1.9588	1.3518	-0.4548	-1.1054	-1.6881	0.4559	-0.2093	0.6092	0.1817	-0.3376	1.8733	0.345	-0.38	-0.4064	-1.0584	0.0624	-1.6435	-0.7861	-0.2388	-0.6074	1.1961	0.5663	0.4225	-0.7612	0.023	-0.4803
RAB11A RAB11B|Rab11	-0.6496	0.9822	-0.2414	2.5622	0.2163	-0.2915	0.5902	-2.5498	-0.8602	-0.4038	-0.3222	-0.0316	1.491	0.3986	0.7713	-0.4104	0.1265	-1.5033	-1.2313	-0.4897	0.2489	-0.1787	2.859	-0.8761	0.3481	-1.0081	0.361	-0.8513	0.1626	0.1326	0.8916	0.2441	-0.7738	-0.8011	0.4041	-0.5748	-1.4021	-0.799	-0.6565	1.1545	0.0722	0.7769	0.021	0.3392	1.7522
RAB25|Rab25	0.4905	1.9959	1.2512	-0.0206	0.1004	0.1403	3.1103	-2.2414	-1.1417	0.0084	-0.0762	0.1878	-0.1084	-1.0905	-1.119	0.0352	0.473	-0.4053	-0.584	-1.0729	-0.3187	-0.8356	-1.0194	-1.7297	0.5691	-0.7676	0.9749	0.4968	0.5556	1.7858	1.3469	-0.5991	-0.1418	-1.4156	0.1614	-0.8826	-0.5284	0.5184	-0.6715	0.8888	-0.0307	0.5147	-0.0668	0.1281	1.1344
RPTOR|Raptor	0.4264	-1.5403	-0.0457	-0.7391	0.0845	1.0846	-1.601	-1.1475	-1.1533	1.4853	0.0043	-0.1824	0.4758	-0.318	0.9447	-0.5346	0.0301	-0.788	1.2883	0.0528	0.5801	-0.6568	3.8849	-0.9266	-0.4786	0.2392	-0.9678	-0.0039	0.2014	-0.6098	-0.56	1.4458	2.4873	-0.0913	-0.2987	0.1787	-0.7287	-0.2626	-0.2323	-0.393	0.3611	0.6939	-0.45	-0.6872	-0.552
RBM15|RBM15	0.1043	-1.4302	-0.9391	-1.1597	-0.4556	1.4347	-1.3035	-0.0105	0.0917	1.5125	0.4512	-0.1875	-1.0531	-1.5141	1.0465	0.3007	-1.2348	0.7787	0.9627	1.3647	-1.0873	-0.0795	-0.8964	1.3253	-0.8472	-0.0918	0.159	-0.205	0.0356	-1.0299	-0.7252	1.2381	2.1417	0.1185	-0.347	2.4659	0.7491	1.5169	0.2302	-1.3346	0.0181	-0.2308	-0.2034	-0.9852	-0.6945
RICTOR|Rictor	1.9756	-0.1657	0.8229	-0.7767	-0.0689	0.8615	-0.1845	0.0016	-0.6555	1.4184	-0.1146	-0.277	-1.0578	-1.4023	0.9216	-0.1641	-0.0292	0.5041	-0.8885	0.5427	0.0065	1.7297	-2.7857	-0.5598	-0.8184	1.5231	0.3634	0.4132	1.2833	1.2737	0.5916	1.4392	-1.2089	-0.646	0.6419	-1.6173	-0.0863	-0.7518	-1.1167	0.6787	0.097	-1.3236	1.0212	-0.9705	-0.441
RICTOR|Rictor_pT1135	-0.2733	-1.6699	-0.532	1.8431	0.2006	-0.292	-1.6035	1.2867	0.8345	0.1413	-0.3757	1.4935	0.2377	-0.5363	0.6995	-0.5084	-1.1799	-0.4768	-0.328	0.2479	0.0561	2.3499	3.2685	-0.9847	-0.9868	1.499	-0.5205	0.698	-0.7169	-0.9519	0.5879	-0.1086	-0.8437	-1.1399	-0.5461	-0.8131	-0.0848	-0.369	-0.0565	0.2618	-0.2927	0.8173	-0.1322	0.6827	-0.8829
SCD1|SCD1	0.1236	1.8746	1.1057	0.0273	0.9141	0.1738	2.0989	-3.3047	-0.5813	0.0022	0.1213	0.7957	0.0231	0.1746	-0.3843	0.3469	1.0738	-0.0742	-1.7691	-0.2147	1.4623	-0.2269	-1.4633	-1.122	0.3889	-0.6981	1.2646	-0.2237	0.0339	1.5021	-0.1642	-0.7971	-0.3266	-1.535	-0.2356	-0.4427	0.5266	-0.7396	-0.9985	1.3335	0.4846	0.2495	-0.8777	0.3952	-0.3177
SRSF1|SF2	0.687	1.3915	1.4801	-0.6849	-0.3845	-0.6087	1.7807	-1.9138	-1.1462	-0.3735	0.4643	-0.4417	0.7569	-0.8251	-1.1879	0.1645	1.7341	-0.6695	-0.2981	-1.1156	0.8934	-0.5834	1.4547	-2.0339	0.867	-0.9651	0.5479	-0.2243	0.3629	2.212	-0.0487	-0.1426	-0.2007	-1.3867	-0.0942	-0.3299	0.4333	-0.5701	-0.9314	2.2227	-0.0805	0.1005	-0.5603	0.1355	0.1126
WWTR1|TAZ	0.8656	-1.6999	0.5221	1.945	-0.3966	-0.6235	-1.1146	1.3391	-1.356	-0.5524	0.0117	-0.3953	0.1903	0.2865	1.4795	-0.966	-0.4164	-2.0392	-0.2114	0.9639	0.4204	-1.2271	1.1735	-0.3788	0.203	-0.7789	0.306	-0.2718	-0.3639	-0.6291	0.1465	0.9082	1.3318	1.4462	-1.0706	2.9203	-0.8498	0.0631	-0.6921	-0.1441	-1.0016	-0.4896	1.0177	0.5293	-0.401
TIGAR|TIGAR	1.0075	-1.5984	-1.1935	0.7353	-1.2695	-0.2504	-3.2493	0.964	0.1689	-0.1966	-0.195	-1.0353	0.975	1.6397	0.2642	-0.5206	-0.9431	-0.6682	0.1351	0.8967	-0.5039	-0.4656	2.413	-0.6493	0.6088	0.1646	-0.8839	-0.1962	0.7476	-1.0844	0.2214	0.2504	0.7356	-0.549	0.3619	2.5065	-0.5065	0.065	-0.0493	-0.3622	0.5034	0.165	1.0845	0.0683	-0.3123
TGM2|Transglutaminase	-0.1838	-0.4496	3.9671	2.9232	0.1839	-0.6886	-0.0007	-1.0568	-0.301	-0.2029	-0.7976	0.6093	0.7475	0.6589	-0.0703	-0.9015	-0.4957	-0.7491	0.1177	-0.2275	0.4416	-0.623	2.8924	-0.6931	-0.4148	-0.554	-0.7006	-0.444	-0.2234	0.0291	-0.1734	-0.22	-0.0543	-0.6715	-0.0854	1.1583	-0.1358	-0.8419	-0.2727	-0.4081	-0.2864	-0.0606	-0.4624	0.6352	-0.9137
TFRC|TFRC	-0.8071	-0.9564	0.6068	-1.0669	-0.1093	-0.0299	-0.7081	0.3063	-0.5247	-1.5601	0.461	-0.5712	2.236	1.1646	-0.6559	-0.4358	-0.8187	1.0651	-0.6758	1.4548	0.8348	-0.5892	-0.953	1.5542	-1.0602	-1.0706	1.1891	0.3652	-0.1692	-0.4743	-0.6157	2.7773	0.0549	0.6561	-0.5848	1.3787	1.6069	-1.2262	0.5447	-1.1897	-0.0193	-0.9372	-0.3856	-0.6151	0.5537
TSC1|TSC1	1.2981	-2.0179	0.5927	-0.8691	-1.4449	0.6323	-1.2874	1.3379	-1.1754	1.1119	0.8045	-1.1511	0.5802	-0.1355	1.1051	-0.4801	-0.2388	-0.0412	1.7942	1.1728	0.2965	-1.3265	-1.4756	0.7076	0.0614	-0.4055	0.3882	-0.1698	-0.3463	-0.7249	-1.2022	0.7287	2.1019	0.6523	-0.6024	1.4199	-0.0062	-0.478	-0.7723	-1.3987	0.6843	-0.3989	0.7479	-1.1448	1.075
TSC2|Tuberin_pT1462	-0.628	-1.9774	-0.113	0.5751	0.9005	0.3421	-1.3828	-0.3681	1.226	0.2133	-0.6114	0.6839	-1.7879	-0.7606	1.0238	1.1318	-0.3998	1.4217	-0.6653	0.1172	0.0736	0.2986	-0.0135	1.8546	-0.8551	0.9287	1.1867	0.2218	-0.7816	-1.1509	-0.1221	-1.6192	-0.4248	2.0462	-1.4601	-0.9052	0.876	-0.3595	-0.0322	-0.3876	-0.9472	0.9703	-0.8865	0.6217	1.9261
VHL|VHL	0.5726	2.158	0.5949	0.3126	0.5392	0.1682	2.2484	-3.2024	-0.8755	-0.6409	-0.6815	0.4014	-0.1064	-0.899	-0.7864	0.2635	0.6303	0.8582	-1.1413	-1.6331	-0.3623	-0.385	-1.1373	0.2154	0.3234	-0.6252	1.2634	0.1727	-0.2394	1.8211	0.0644	-0.4467	-0.1715	-1.0741	-0.2868	1.0463	-0.6834	-0.1967	-0.8817	0.9031	1.549	0.4093	-0.9044	0.4371	0.4085
XBP1|XBP1	0.9066	1.8459	1.1031	0.0442	0.9588	0.3648	2.2981	-2.87	-1.1714	0.68	-0.4501	0.3343	-0.6242	-0.9876	-0.5679	-0.0682	0.6351	-0.8499	-1.3094	-0.2505	0.94	-0.7246	0.0047	-1.3379	0.0136	-0.2049	0.6257	0.6872	-0.0539	1.473	0.2614	0.1021	1.3158	-1.7261	-0.8469	-1.3463	-0.7097	0.5718	-0.9587	1.5273	0.3015	0.0166	-0.2828	0.5732	-0.2438
TUBA1B|Acetyl-a-Tubulin-Lys40	0.1241	-1.2151	-0.1875	0.4452	0.7868	0.7146	1.06	-0.279	-0.2408	-0.061	-0.2367	-0.6042	0.6786	0.8287	-0.6285	-1.1589	-0.6381	-0.2877	0.0212	1.283	2.6334	-0.3272	-1.3335	-0.5435	1.5489	0.357	-1.1033	1.0994	-1.5105	-0.2348	0.884	-1.037	-0.6357	1.2096	-0.2073	-0.7337	-1.5779	0.8031	-2.1359	1.594	0.5722	0.6175	-1.5451	1.1813	0.0201
SQSTM1|p62-LCK-ligand	0.6489	0.8091	0.8781	0.33	0.6484	0.1024	-0.9478	0.7539	0.2306	-1.2663	1.0062	-0.5062	0.5413	0.1872	-1.3394	-0.5089	0.242	-0.9525	-0.8096	-0.1624	-0.1698	-1.6965	-1.3846	-0.1508	0.374	1.124	0.69	1.3531	0.4164	1.9208	1.0211	1.0758	-0.4892	0.5115	-0.3364	-1.1417	-0.5633	0.3578	-0.8759	0.097	-1.4183	2.8292	-0.8764	-0.1833	-2.3697
YWHAB|14-3-3_beta	1.2969	1.0242	2.2615	1.2227	0.1869	-0.7074	1.0013	-1.7215	-1.6558	0.1041	-0.7691	0.526	0.1608	0.6045	-0.4048	-0.0137	1.1348	-1.5681	-1.8722	-1.1324	1.7654	-0.4559	0.2989	-2.1742	0.2671	-0.3614	0.5045	0.3738	-0.3543	1.2575	0.2542	-0.6975	1.1649	-1.0287	0.0905	-0.7019	-0.6088	0.5673	-1.285	0.3915	0.1699	0.8329	-0.1947	0.9127	-0.6678
YWHAZ|14-3-3_zeta	0.2316	-2.2685	0.1202	-0.482	0.1601	-0.755	-0.8411	-1.1898	0.0721	0.6146	0.4093	-0.272	-0.3998	2.091	0.118	-1.2688	-1.613	0.5824	-1.0008	0.8821	1.9394	-1.0268	-0.2956	1.632	-1.5665	-1.0308	0.3714	0.1498	0.779	-1.1568	-0.389	2.1281	0.3422	-0.0923	-0.0725	0.4542	0.4347	-0.3499	0.7759	0.0582	0.1277	1.9941	-0.485	1.0391	-0.9508
ACVRL1|ACVRL1	0.567	-0.7621	2.2464	1.4054	-0.2117	-1.2752	0.9681	0.7415	0.223	-0.0313	-0.3992	-0.6584	0.2608	1.0896	0.0009	-1.1413	-0.054	-0.5345	1.2624	0.2884	1.1712	-2.4505	1.4295	-2.991	-0.3005	-1.2941	0.3713	0.5767	0.2434	0.5339	0.1161	-1.0323	1.1457	-1.2972	-0.1522	0.0195	-0.6252	0.9167	-0.8489	0.692	-0.8633	0.1807	-0.0829	0.6888	-0.133
DIRAS3|DIRAS3	0.4534	1.5448	1.5001	0.8749	0.2518	0.145	1.8828	-1.8081	-0.7702	0.7969	-0.0621	-0.6473	0.0535	-1.0097	-0.3834	-0.0506	1.2284	-0.3217	-0.7159	-1.7308	-0.3798	-1.0045	-1.0271	-1.0078	1.3341	-0.5179	0.3526	0.3178	0.5577	0.9538	0.5087	-0.5649	0.5269	-3.3074	0.1325	1.5169	-0.6611	0.2942	-1.0271	1.4072	-0.0751	0.3317	-0.0142	0.1956	-0.0747
ANXA1|Annexin-1	0.0291	1.0176	0.498	2.9821	0.5896	-0.5281	1.6108	0.5862	-0.6446	-0.8581	-1.0727	0.3582	1.6235	-1.571	-0.8991	-0.2778	0.4055	0.8928	-1.9645	-0.4202	0.1912	-0.1779	0.3623	-1.2215	-0.3234	1.8456	0.2794	0.0973	-0.617	1.5286	0.6625	-0.9769	-0.804	-0.783	-0.5882	-1.6753	-0.6261	-0.78	-0.0299	0.2422	-0.4301	-0.1388	0.5856	1.4848	-0.4646
PREX1|PREX1	-1.1483	0.269	1.4038	0.0777	0.4303	-1.1008	1.7274	-0.275	-1.1587	-0.6256	-0.4418	0.95	-0.9426	-2.1424	0.3227	1.1014	0.5377	0.1199	-0.8138	-0.3108	-0.1886	-0.5884	-1.8831	-1.3091	-0.813	1.1512	0.0645	0.8762	0.1131	1.3619	0.3787	-0.3154	0.9348	-1.5	1.1327	-1.1901	-1.3581	2.6865	0.3181	0.4361	0.4891	0.17	0.0334	0.5821	0.4374
ERCC1|ERCC1	-0.2214	0.1308	-0.138	-0.9838	0.2101	-0.8326	-0.9247	-1.9835	1.6498	1.3173	-0.2234	0.185	-1.6099	0.0698	0.0248	0.8722	0.0173	0.579	-0.3099	0.8328	0.5153	0.6855	-2.1628	1.5502	1.1275	1.0168	-0.0868	-0.7649	-0.3405	0.2022	-1.2758	-2.6628	-0.2203	1.3898	0.5686	-0.0173	0.3031	0.6769	1.5125	-1.2898	1.3733	-0.6005	0.5515	-0.0433	-0.6702
MSH2|MSH2	0.401	0.3899	-0.1145	-0.8905	-0.3679	0.4567	0.5557	-0.4797	0.2599	0.7567	0.5591	0.1731	0.374	-0.5288	0.1158	0.1069	0.1224	0.306	1.0292	0.3523	-1.0188	-1.1947	-1.5864	1.803	0.2204	-0.7841	-0.5013	-0.5329	1.6438	0.2828	-1.2362	-3.162	1.782	-1.5507	-0.0937	2.8927	0.4511	-0.0422	0.3742	0.1684	0.8198	-0.8528	-0.4543	-0.2812	-0.724
MSH6|MSH6	0.5368	-0.8689	-0.787	-1.1923	-0.5128	0.6809	-0.3596	-0.1269	0.04	0.31	1.0065	-0.0002	1.1227	0.5182	0.2045	-0.1549	-0.0867	0.4679	1.5894	1.3268	-2.0529	-0.8436	-1.1671	1.7115	-0.1106	-0.5751	-0.66	-0.8471	1.5742	-0.5705	-1.1456	-1.9081	1.052	-1.1773	-0.1267	2.9274	0.708	-0.4145	0.2862	-0.2259	1.5608	-0.8257	-0.0555	-0.3533	-0.4746
DIABLO|Smac	1.0906	0.8588	0.4954	1.8294	1.6491	0.1073	-1.2204	-1.5674	-0.8366	0.8573	-2.1486	0.5734	-0.5846	-0.2835	-0.8432	-0.1901	0.75	-0.7872	-0.5514	-0.2348	1.244	-0.614	0.1168	-1.6822	-0.0476	0.3546	-1.1272	1.4149	-1.0298	0.4617	0.3681	-1.3879	-0.0233	-1.4968	0.8309	-0.8702	0.1912	-0.0134	-0.4818	1.2111	1.0199	1.4091	0.1408	1.7869	-0.7393
ADAR|ADAR1	NA	NA	NA	NA	NA	NA	NA	NA	NA	NA	NA	NA	NA	NA	NA	NA	NA	NA	NA	NA	NA	NA	NA	NA	NA	NA	NA	NA	NA	NA	NA	NA	NA	NA	NA	NA	NA	NA	NA	NA	NA	NA	NA	NA	NA
CTNNA1|alpha-Catenin	NA	NA	NA	NA	NA	NA	NA	NA	NA	NA	NA	NA	NA	NA	NA	NA	NA	NA	NA	NA	NA	NA	NA	NA	NA	NA	NA	NA	NA	NA	NA	NA	NA	NA	NA	NA	NA	NA	NA	NA	NA	NA	NA	NA	NA
NKX2-1|TTF1	NA	NA	NA	NA	NA	NA	NA	NA	NA	NA	NA	NA	NA	NA	NA	NA	NA	NA	NA	NA	NA	NA	NA	NA	NA	NA	NA	NA	NA	NA	NA	NA	NA	NA	NA	NA	NA	NA	NA	NA	NA	NA	NA	NA	NA
CASP3|Caspase-3	0.4478	-2.6634	-0.4006	0.0564	0.1006	0.714	-1.3639	0.6779	-1.0567	1.1802	0.216	-0.6183	-0.0693	-0.9806	0.9889	-0.1382	-1.7251	-1.3722	0.866	1.5992	0.1334	0.5454	0.616	0.7972	-1.7318	0.1235	-0.1823	0.0091	0.8312	-2.0216	-0.8313	1.0136	1.7637	-0.5781	0.611	1.7975	0.9592	0.6606	1.0019	-0.6861	-0.2855	-0.4877	0.3785	-0.5363	-0.3598
CASP9|Caspase-9	-1.1494	-1.4902	-1.2377	-0.4473	-1.3402	0.0539	-0.8549	0.1473	0.803	0.7233	1.9546	-0.0707	-0.0325	-1.4859	0.7461	-0.5567	-0.0138	1.5866	1.9246	2.7388	-0.3251	-0.3994	-0.3159	-0.0628	-0.7319	-0.1875	-0.0475	-0.219	-0.1854	-0.8214	-0.7233	1.019	1.6329	0.3359	0.3003	0.6401	2.2121	-0.9874	0.5447	-0.2286	-0.6603	-1.0337	-0.4526	-0.8366	-0.4654
PARP1|PARP1	1.1775	-1.6249	-0.4132	-0.3701	-0.7913	0.3408	-1.0256	0.9831	-0.4496	-0.1024	-0.0391	-0.2272	-0.1589	0.2586	0.836	-0.8618	-1.2223	0.4337	2.4445	0.9826	0.0995	-2.0082	-0.5202	0.2409	-0.2539	-0.6523	-0.3936	-0.541	-0.371	-1.2365	-0.4097	2.3573	1.5098	0.0059	-0.8701	2.0209	-0.9696	-0.0651	0.1515	-0.6337	0.6222	-0.0903	-0.3554	-0.2016	2.3937
COPS5|JAB1	0.5996	1.9157	1.5887	1.1461	0.4464	0.3132	2.5152	-3.4254	-0.3087	0.1566	-0.3975	0.0923	0.2202	-0.6352	-0.5831	-0.0424	0.8839	-0.1037	-0.6915	-1.4205	0.2407	-0.6251	-1.6338	-1.192	0.6374	-0.4758	0.9959	0.2233	0.3481	1.4977	0.0704	-0.5503	0.0747	-1.2219	0.3671	-1.4542	-0.1841	-0.28	-0.6737	0.9026	0.0931	0.2799	-0.2188	0.5093	-0.0005